986088
987930
987127
987128
986089
987121
987122
986730
987123
986731
987124
986732
987120
986081
987536
987537
986083
987538
986086
987539
986085
987544
987546
987545
987540
987929
987541
987926
987925
986722
987928
986725
987927
986724
987119
986727
987921
987118
986726
987924
986729
987923
987941
987116
987942
987117
986099
987940
987115
986098
987112
986720
987113
986721
987111
986093
987529
986091
987527
986097
987528
986096
987525
987534
987532
986719
987530
987939
987938
986713
987937
986712
987936
986711
987935
987934
987109
986717
987933
987108
987932
987107
986715
987143
987144
986069
987145
987146
987147
987148
986065
987149
986068
986067
987514
987515
986061
986064
987517
986063
987140
987141
987142
987908
987907
987520
987909
987522
987521
987524
987523
987900
986705
986704
987902
986707
987901
986706
987904
986701
987903
986700
987906
987905
986702
987134
987135
987132
987133
987138
987920
987139
987136
987505
986075
987506
986074
987503
986073
987504
987130
986071
987131
986070
987507
987508
984703
984702
987919
984705
987918
984704
987513
987511
984701
987510
984700
987913
987911
987129
987917
984707
984706
987915
984709
987914
984708
987162
987161
987164
986040
987160
987973
986770
986043
987972
987169
986044
987975
986772
986045
987974
986771
986046
987166
986774
986047
987165
986048
986776
986049
987970
987167
986775
987969
986766
984719
986767
987581
986768
984717
987582
984718
987965
987966
987967
987968
987587
984712
987589
987583
984715
984716
987585
984713
987586
984714
987153
987152
987151
987150
986052
986053
984730
986050
987569
987986
986761
987985
986760
986057
987984
987159
986054
987983
987158
986055
987982
987157
986765
987981
987156
986764
987980
987155
986763
986058
987154
986059
987570
986757
984728
986758
984729
986755
986756
987978
987976
986759
987977
987578
984720
984721
987576
984722
987577
987574
984725
987572
984726
984727
987559
987180
984741
987558
984740
987182
987181
986020
987183
987186
987185
987188
986752
986025
986751
986754
986027
987189
986028
987951
986021
987950
986022
986750
987952
986024
987943
986748
987944
987945
987946
987947
986745
986018
986746
984739
987560
986747
985699
987561
984737
987562
987563
984735
987564
984736
984733
987566
984734
987567
987568
984732
987171
984750
986030
987170
987547
984751
985690
987175
987173
987172
987960
987179
986743
985695
986038
987178
986742
985696
986039
987177
986741
986036
987176
986740
986037
987964
985691
986034
987963
985692
986035
985693
986032
987961
985694
986033
987956
986739
987957
987954
986737
987955
986738
986735
985689
986736
985688
987958
986733
987959
986734
986029
987552
984746
987553
987550
984748
987551
984749
984742
987557
984743
987554
984744
984745
3167585
985677
3167584
985678
3167583
3167582
3167589
3167588
3167587
3167586
985681
985680
985682
3167580
3167581
985684
985687
985686
3167579
3167572
985668
3167571
986799
985669
3167574
985666
3167573
3167576
3167575
3167578
3167577
985672
985671
987198
987199
985675
985674
3167570
985673
987194
987195
987196
987197
987190
987191
987192
987193
3167569
3167568
3167567
985659
3167566
987989
3167565
987988
3167564
987987
985655
985656
985657
986788
985658
986797
985663
987993
986798
985662
987990
986795
985665
987991
986796
985664
987996
987997
986794
987994
986791
985661
987995
986792
985660
987998
985649
985646
985647
985644
986779
986784
985654
986785
986786
985652
986787
985651
986780
986781
986782
986783
985634
985633
985636
985635
985638
985637
987501
987502
987500
985640
985641
985643
985625
985624
985623
985622
985629
985627
985626
985631
985632
985630
985615
985618
985617
985612
985611
985614
985613
985619
985620
985607
985606
985605
985604
985603
985602
985601
985600
985609
985608
985610
986489
986487
986488
986485
986486
986483
985709
986484
985703
986482
985705
986480
985706
985701
985702
985720
986498
986499
986494
986495
986496
985718
986497
985719
986490
985716
986491
985717
986492
985715
985710
985711
986459
986458
986463
986461
986462
986467
986468
986465
986466
986460
986469
986472
986474
986475
986476
986477
986478
986479
986470
986471
985308
985307
985309
986438
985304
986439
985303
986436
985306
986437
985310
986445
985311
986444
985312
986443
985313
986442
986441
986440
985319
985318
986447
985317
986448
985316
986449
985315
985314
986455
985323
986454
986457
985321
986453
986452
986414
986418
986419
986420
986424
986423
986422
986421
986427
986429
986431
985301
986432
985302
986435
986434
985300
986400
984649
986401
985355
984648
986402
985354
984647
985353
984646
985352
985351
984644
985350
984643
986007
986008
986009
986015
986014
986017
986011
986013
986012
984651
985347
985348
986412
984637
986413
985365
984636
986410
985368
984639
986411
985367
984638
985362
984633
985361
984632
985364
984635
984634
985360
986006
986005
986004
986002
986409
984640
986408
984642
986406
985359
986404
986403
985331
984668
985330
984667
984666
984665
987595
987594
985333
987596
985332
984669
987591
987593
987592
984670
985328
984671
985325
985326
984675
985329
984672
984673
985340
984655
984654
985342
984657
985341
984656
985344
985343
984658
985337
985338
985339
984660
984661
984662
984663
984664
985392
985393
985390
985391
985399
984689
985396
985397
984687
985394
985395
984697
984696
984695
984694
984693
984692
984690
986805
986806
986804
986801
986802
986800
986809
984676
984677
986807
984678
986808
984679
984684
984683
984686
984685
984682
985370
985371
985374
985372
985373
985378
985376
985377
985369
985380
985381
985382
984698
985383
984699
985385
985386
985387
985388
985389
987106
987105
987104
987103
987101
987100
987020
987022
987023
987024
986830
984999
987025
986831
987026
987027
984998
986826
987019
986825
986822
986821
986824
986823
987401
987400
987403
987402
987010
987014
987011
987012
987017
987018
987015
987016
986817
985292
986816
987009
985294
987008
986813
986812
986811
985290
986810
985299
985296
985295
986819
986818
985297
987419
987415
987416
987417
987418
987006
987810
987000
986850
986851
987002
986852
987003
986853
987805
986844
987804
986843
987807
986846
987806
986847
987802
987423
987422
987425
987809
987808
987408
987409
987407
987405
987820
987821
986841
986840
987818
986835
987817
986834
987816
986833
987815
986832
987814
986839
987813
986838
987812
986837
987811
986836
987414
987413
987412
987411
987410
987819
987067
986872
987069
987068
986874
987830
987832
986871
987831
986870
987438
984620
987437
987061
987439
987060
987063
987062
987440
984616
987441
984617
984614
987443
984615
984612
987445
984613
987446
987447
984611
987822
986869
987823
987824
987825
986865
987827
987828
986867
987829
986868
984619
987058
986864
987057
986863
987056
986862
987055
986861
987843
986860
987842
987841
987840
987050
987428
987427
984631
984630
987054
987053
987052
987051
987431
984625
987432
984626
984627
984621
987436
984622
987433
984623
987434
984624
987835
987836
986858
987834
986859
987839
986856
984629
986857
987837
986854
987838
987852
987049
986891
987851
987048
986890
987854
986893
987853
986892
987045
987044
986894
987850
987047
986897
987046
986896
987041
987043
987042
987459
987467
987468
987469
987463
987464
987465
987848
986887
987849
986888
987460
986889
987461
987844
987845
987846
987847
987865
987863
987038
986880
987862
987037
987861
987036
986886
987860
987035
986885
987034
986884
987033
986883
987032
987031
987030
987449
987448
987457
987458
984600
987455
987456
984602
987453
984603
987454
984604
987451
984605
986878
984607
984608
987859
984609
986877
987858
987855
987856
987869
987867
987866
985776
985777
985778
985779
987871
987872
985786
985785
987875
987876
987873
985782
985781
987878
985769
987879
986899
985767
985765
985766
987090
987093
987095
987096
987097
987098
987880
987099
985775
987881
985774
987882
987883
985772
985771
987885
985770
987886
987887
985798
985799
987889
987890
987087
987085
987082
987083
987080
987081
987897
987898
987895
987893
987894
987891
987088
987892
987089
985789
985787
985788
987073
987075
987070
987071
985793
985792
985791
985790
985797
987078
987079
985795
985794
986399
986398
986397
986396
986395
986394
985737
986393
985736
986392
985739
985738
985733
985734
985740
985741
985742
986389
986388
986385
986384
986387
986386
985729
986380
985727
986383
985726
986382
985724
985723
985722
985721
985730
985731
985755
985757
985756
985759
985760
985761
985762
985763
985746
985745
985744
985743
985749
985748
985747
985752
985753
985751
986339
986337
985800
985801
985803
985805
985806
985807
986340
985809
986346
986347
986344
986345
986349
986348
985811
985812
985810
985815
985816
985813
986350
985814
986351
985819
986352
986353
985817
986355
986356
986357
986358
985830
986360
985824
986361
985825
985826
985827
985820
985821
985823
986368
986367
986364
985828
986365
985829
986362
985841
985840
985837
986370
985838
986371
985835
986372
985833
985834
985831
985832
986378
986379
986373
986374
985839
984599
986303
986302
986301
986300
986304
986305
986306
986309
986310
986311
986314
986313
986319
986318
986316
986325
986324
986323
986322
986321
986327
985203
985200
986336
985201
986335
986330
986332
986331
987472
987478
985210
984547
987477
984546
984545
987479
985214
987473
985213
987475
985211
984548
985206
985207
984550
985204
985205
984554
985208
984551
985209
984552
987480
984534
984533
987489
985221
984536
987488
985220
987487
985223
984538
987486
985222
985225
987484
985224
985215
985216
985217
985218
985219
984540
984541
984542
987492
987494
987496
985236
987498
985234
987497
985233
985232
987499
985231
984524
985230
984530
985229
985226
984519
985245
985244
984515
985247
984518
985241
984512
985240
984511
984514
985242
984520
985237
985238
985239
985253
985251
984588
984589
985257
985258
985255
985256
985250
984590
984594
984593
985249
984592
985248
984591
984598
984596
984595
986908
985262
984577
986909
985263
986906
985264
986907
985266
985267
986900
986901
986904
986905
986902
985260
986903
985261
984581
985259
984580
984583
984582
984585
984584
985279
985277
985278
986917
985275
984568
986918
984569
986919
984566
985274
984567
986913
985271
986914
985272
986915
986916
985270
986910
986912
984576
984575
984574
984573
984572
984571
984570
985289
985284
984555
986928
984557
986929
985287
986926
985280
986927
985281
986924
985282
986923
986920
986930
984563
984562
984565
984564
984560
987728
984959
987723
987724
987725
987726
987345
984953
985870
987346
987347
984951
987341
984957
987342
984958
985873
987343
985872
987344
984956
985866
985867
985864
985865
986280
987339
985480
986281
987338
985481
986282
986283
985869
987731
986285
985485
986286
987733
985482
986287
987732
985483
986288
985488
986289
985489
985486
986999
985469
985468
986997
987739
986998
987736
987737
987735
987336
984962
987337
984963
987334
985881
987335
984965
985880
984966
985883
987333
984967
985882
987330
984968
985885
987331
985875
986290
985876
986291
985877
984970
986294
987329
986295
987328
984972
986292
987327
984971
985470
986293
987744
985471
986298
987743
985472
986299
987742
985473
986296
987741
986297
987740
985475
985477
985478
987701
987702
987703
987704
987705
986986
986987
985459
986988
985458
987708
986989
987709
984979
987320
985851
987321
984977
985850
987322
984978
987324
984976
987325
984973
984974
987317
984983
985848
987316
984982
985849
987319
985846
984980
985847
986262
985844
985845
985842
985843
986994
985466
986267
986993
985467
986268
985464
986269
986995
985465
986990
985462
986263
985463
986264
987711
986992
985460
987710
986991
985461
986266
987715
987712
986979
987713
987718
986977
985447
987719
986978
986975
985449
987717
985448
984988
985861
984989
985860
985863
985862
987314
984984
987315
984985
987312
984986
987313
984987
987308
984992
985857
985858
986273
987306
986270
984993
986271
985853
984990
985855
987309
985856
986985
985453
986984
985454
986983
986278
986982
985456
986279
987722
986981
986276
987721
986980
985450
986277
987720
985451
986274
985452
986275
988007
984910
988008
987301
988005
988006
987303
988004
984913
988001
987300
984912
986965
984918
988000
986964
984917
986967
984916
986966
986969
984919
986970
986971
986972
986973
986974
985197
985196
985199
984921
985198
984920
988012
984923
984922
984925
984924
986955
988010
986954
985191
988011
985193
986959
985192
985195
985194
987700
986962
986963
986960
986961
988009
984936
985895
984935
985896
984934
985893
985189
985894
985188
984932
985891
985892
984930
985185
985890
986947
985184
986949
986948
985181
986943
985180
986942
984939
986945
984938
986944
986950
986951
986952
985889
985887
985886
985179
984945
985178
984944
985175
984941
985174
984940
986939
985176
984942
986938
985171
986937
985170
985173
986935
985172
986934
986933
984948
986932
986931
986940
985498
986941
985499
985496
985495
985490
985492
985491
985898
985897
985899
985401
987791
984509
984508
987795
987794
984504
987793
984507
987792
984506
987799
984501
987798
984500
987797
987789
984510
984909
984906
984904
984905
984903
984901
987777
987774
985441
987775
985440
987772
985443
987773
985442
987770
987771
985444
985436
985437
985438
985439
987769
987768
987767
987785
985430
987786
987787
987788
987781
987782
985432
985431
987780
985426
985427
987779
987778
985428
985429
987750
985421
987751
985420
985422
987755
987752
987753
987748
985417
985418
987746
985419
987745
985413
985414
985415
987749
985416
985412
987760
985411
987761
987762
987763
987764
987765
987766
987757
987756
985409
987759
985406
987758
985404
985405
985403
986680
984441
984442
984444
984440
986688
986687
986685
986683
986682
986681
986678
986679
984439
984435
984434
984437
984436
984455
984453
984450
986697
986696
986699
986698
986693
986692
986695
986694
986689
984447
984446
984445
984460
984461
984462
984463
984465
984466
986662
986661
986666
986665
986663
986658
986659
986656
986657
984457
984456
984459
984458
984472
984473
984476
984477
984474
984475
986671
986670
986673
986672
986675
986674
986677
986668
986669
984469
984468
984467
984400
984411
984410
984408
984403
984404
984401
984402
984409
984420
984422
984421
984412
984413
984414
984415
984416
984417
984418
984419
984433
984432
984431
984430
984425
984426
984423
984424
984429
984427
984428
985914
985915
985912
985913
985910
985911
985149
986212
986213
986214
986215
985918
985919
985916
986210
985917
986211
985150
985151
986206
986205
986207
986600
985156
985154
985155
985152
985153
986607
985901
986608
985904
986604
986601
986602
985900
985909
986203
986204
986201
985905
986200
986609
985908
985160
985161
985162
986611
986610
985168
985163
985164
985165
985128
985127
987392
987393
987394
987390
987391
985132
985133
985130
985131
987396
985136
987397
985137
987398
985134
987399
985135
985139
985138
985140
985142
985144
985145
985146
985147
985148
986257
986256
986259
986258
986253
986255
986254
986639
984894
985959
986638
985958
984892
985957
986251
984893
985956
986635
985107
984890
985955
986634
985108
985954
986637
985105
985953
986636
985106
985952
987375
985115
984480
985961
986642
985114
985962
987377
986643
985113
987376
986644
985112
984889
985960
984888
987378
985110
986640
984885
984487
984486
984485
987371
986249
987370
984482
987372
984481
986248
986247
986246
986245
984489
986244
985949
986243
986241
984881
985946
986240
985945
985948
984884
985947
985116
985942
985941
2830393
986645
985119
985943
987388
986654
985124
984879
987387
986655
985123
987386
986652
985126
984491
985950
987385
985125
984490
985951
986650
985120
984875
986651
984874
984877
987389
985121
984876
987380
984497
984498
987384
984493
987383
987382
984495
986238
987381
986230
985939
986233
986235
986234
986237
985933
986612
985932
985931
986614
985930
987349
986617
985937
986616
985936
986619
985935
985934
987359
987358
987353
987352
986620
985940
987355
986621
987354
986622
986227
986228
986229
987350
986222
985927
986221
986220
985929
986226
986224
986223
986625
986623
985921
985924
986629
985923
986628
985926
986627
985925
984897
984896
987368
985100
984899
987367
987366
986632
987365
986633
985101
987364
986630
986631
985103
986218
987361
986219
987360
986216
986217
984858
984859
985972
987200
984856
984857
985970
987202
984854
987203
984855
987204
984852
987205
984853
986139
985578
985587
985588
986147
985585
985586
986149
985583
986142
985584
986143
986144
985582
985969
984861
985967
986140
985968
986141
985963
985964
985982
984868
985981
984869
985984
985983
985097
984863
985098
984864
985099
984865
985980
984866
985094
985095
985096
985568
985567
985091
985092
985569
985574
986159
985575
985577
986158
987601
985570
986155
987600
985571
986156
985572
986153
985573
986154
985978
986151
984870
986152
984873
986150
985974
985975
985977
987224
985991
984833
985990
984830
987227
984831
987220
985995
984837
984834
985993
987223
984835
985992
987607
987608
984838
987609
984839
987602
987603
987604
987605
987610
986164
987612
986166
986168
986169
985988
985985
985986
987218
984840
986160
987217
986161
985989
986162
987219
987215
987216
987213
984843
984844
987211
984845
987212
984847
987210
987619
984849
985589
987617
987618
987615
987616
987613
987614
987623
985592
986177
985593
985594
986175
987620
985595
986176
985596
985597
985598
986179
985599
985996
985997
986170
985998
986173
987208
986174
985590
986171
987206
984850
985591
985062
3167600
985061
985060
984819
984818
984817
984816
3167606
984815
3167605
984814
3167608
985069
3167607
985068
984812
3167602
985067
984811
3167601
985066
984810
3167604
985065
3167603
985064
986183
986182
986185
986184
986180
986186
986189
986188
985050
985052
985051
984828
984829
985058
984823
984826
985059
985054
984820
985053
984821
986196
986195
986193
986192
986190
986199
986198
985081
985080
3167620
985085
985084
3167622
985083
3167621
3167624
985089
3167623
985088
3167626
985087
3167625
985086
3167628
3167627
3167629
984806
984805
984808
984807
3167611
3167610
985071
985074
985073
3167615
985076
3167614
3167613
985078
984800
3167612
985077
3167619
984802
3167618
985079
984801
3167617
984804
3167616
984803
3167609
987674
987673
987672
987671
987677
987676
987668
987669
987683
987682
987685
987687
987686
987689
987688
987681
987680
3167630
987679
3167631
987699
987698
987697
987695
985520
987694
987693
985522
987691
987690
985514
985517
985516
985519
985518
985511
985509
985503
985502
985501
985508
985507
985506
985542
985541
985544
985543
987633
987634
987632
987627
985539
987625
987624
985534
987629
985536
987628
985537
985533
985532
987640
985531
987641
985530
987642
987643
987644
987645
987636
985529
987635
987638
987637
985528
987639
985526
985523
985524
987655
985560
987656
987653
985562
987654
985561
987651
985564
987652
985563
985565
985556
985557
985559
987649
987648
987647
987664
985551
987665
985550
987666
987667
987660
985555
985554
987662
987663
985552
985545
985546
987658
987657
985549
987659
986540
986544
986542
3167595
3167596
3167593
3167594
3167599
3167597
3167598
3167592
3167591
3167590
986537
986538
986550
986552
986554
986553
986555
986547
986548
986549
986567
986565
986564
986563
986560
986559
986557
986558
986576
986575
986578
986577
986571
986573
986570
986568
986569
986580
986581
986585
986582
986583
986589
986586
986587
986579
986592
986593
986595
986596
986598
985009
985007
985006
987279
985011
985015
987276
987277
985013
985014
987272
987273
985017
985019
985021
985022
985023
987288
985024
987289
985025
985026
987287
985027
987284
987285
987282
987283
987281
985029
987297
985037
987298
985038
987299
985035
985036
985033
985034
985031
985032
987290
985030
987291
987292
987293
987294
987296
985039
985046
985047
985048
985049
985042
984797
985043
984799
985045
985040
985041
984791
984792
984790
987228
984795
987229
984796
984793
984794
986110
984379
986112
986111
986114
986113
986116
986115
984385
986106
984384
987230
984383
986109
984389
984388
984387
984386
984789
987235
984788
987238
987237
984381
987231
987234
986500
987233
986505
986504
986503
984780
986502
986509
984782
986508
987239
984784
986506
986101
986100
986103
987241
987240
984393
984396
984397
984399
987249
984776
987248
987247
984778
987246
987245
986511
984390
987244
984779
984392
987242
986510
984773
986517
984774
986519
984772
986514
986513
984770
986516
986515
986136
986132
986131
986134
986133
984367
984365
987250
986128
986129
987251
987254
986520
986521
987255
984768
987258
984767
987257
984766
987259
984764
984760
986529
984762
986528
986527
986526
986524
986127
986126
986125
984368
986123
984369
986122
986121
986120
984376
984375
984378
984377
987263
984372
986119
987262
984371
984374
986117
984373
986118
987267
986533
985003
984758
987266
986534
985002
984757
985005
984370
987264
986532
984754
987269
985001
987268
985000
984755
