5931
2967
2073
55512
143187
25839
54206
5437
1973
11218
9924
6636
9700
58985
58508
3297
1499
10498
6376
5631
5604
999
6369
7220
81607
3581
1272
147945
2249
100913187
9079
6830
79718
1434
7295
27348
5162
63978
3276
6217
6311
1616
5578
6015
9113
8717
5914
2911
6119
3656
10661
1454
8668
84440
1200
148738
10399
246184
1665
157855
25945
944
4848
5338
9757
9568
2963
6048
6774
8723
22861
5413
6504
10371
3185
10725
10494
389816
3577
10109
7203
333
3815
7157
90411
10464
120071
147111
10507
8673
51555
7398
6602
4973
221613
5447
8019
23635
7416
9400
10951
57703
10270
7048
8242
3169
58533
2833
10075
4215
10018
10395
90865
7222
8518
27289
2975
23406
22827
9611
3566
5706
51479
4153
2706
10403
7709
151246
4832
5932
7531
8336
57649
6293
5329
5817
54468
2615
58487
8001
25853
2323
3416
3437
23112
960
9402
80020
567
26277
27342
8936
3574
10623
10735
156
51744
348180
1639
8939
10450
6275
8148
200558
55278
23224
5880
51429
23636
5976
84898
6477
2100
6387
22841
11337
1399
51493
25793
6300
285704
8736
10179
4670
4666
29883
26052
2475
55743
8503
10519
7428
50944
7469
55054
1397
6727
6373
6272
65125
3627
10542
745
8661
22995
1857
1535
3091
2355
196
27304
2272
162
7468
3598
1644
6154
2011
79728
6604
9844
5929
8340
84172
192111
4297
3018
64326
2081
5159
4914
5734
6938
2010
5881
7187
3987
6046
64319
1132
1656
1025
3040
9966
3263
55366
84868
7153
1234
4064
54930
54904
64852
3611
5432
6881
81608
8740
65057
7465
3929
2624
860
9826
8828
4686
1401
10574
9636
4841
64216
959
378
784
22941
7325
8453
5104
29894
9328
197259
84142
1655
5978
5465
50616
22924
387836
6041
4137
3725
7518
2641
205564
8570
64135
199990
8379
55159
3569
8880
4656
114879
253935
316
56253
5889
3552
1738
443
5801
131474
25939
2247
55212
5411
51266
55763
6710
7293
11022
7874
5966
3488
9908
4283
2254
55752
2891
6242
4794
7043
83850
29074
10815
4915
10209
1437
4172
2572
10006
5532
10575
6829
9716
9353
6908
22976
2034
146433
23177
834
1432
65018
8527
189
3801
7088
4221
5551
6386
54478
64754
2253
4627
2147
2551
7726
1385
5970
5710
9439
3646
84329
28956
3308
2892
6788
85236
92
9612
5310
146956
5997
3630
80169
4159
79711
6884
2151
93986
8531
5926
6598
7026
57464
55125
8115
29126
9894
165679
10533
54785
440738
7431
28974
10926
3775
3553
81857
1407
4087
6618
9817
841
1233
51010
51433
361
6430
1152
25942
3576
1946
240
55355
10024
51141
8764
8243
3856
147841
7852
55845
1452
2139
1409
6558
23603
9442
9587
8665
23013
4824
84108
5093
3133
283742
324
64770
56681
5445
22818
79090
5294
55143
652968
79760
1022
23038
6786
4000
891
55602
51755
863
55056
9219
1018
6879
472
22916
3916
5289
8837
6654
406
10621
8546
2275
6622
56252
790
9857
5564
26094
4084
10288
5133
51692
25801
5452
4991
5879
3718
23299
3720
64581
6432
6198
4753
57634
2177
10935
64324
10614
23186
6776
23403
1601
23067
153129
404672
7001
5058
8851
1875
1387
3383
8793
83746
130916
84219
51208
10910
3795
57117
9572
84532
9696
123169
54463
29082
4599
9215
4089
84878
3781
5511
5033
201163
23673
9559
10336
836
9943
382
4615
5577
5905
6874
9851
4793
7517
7257
6597
51206
51311
10657
98
4171
3551
2033
3567
10111
3565
837
51377
5884
85235
129685
3578
5420
7023
6934
171023
2890
9140
1727
4522
7290
4659
3981
4352
9048
5163
57405
10787
3741
2965
1979
10717
2115
25
5910
7004
291
23054
79682
7414
5371
585
8841
997
30009
10299
57680
8674
7042
6491
107986404
22806
6224
26168
7041
4218
142
3161
362
974
9401
3375
154796
51550
655
6717
3559
51564
57551
238
152485
1909
9971
4899
5460
7145
9314
1861
10592
1268
983
5599
9641
887
2305
5705
2072
8061
3006
1911
1794
255738
51062
51458
6732
4056
2289
23468
6346
9470
6355
51719
3481
322
9925
4133
117
7204
92737
79671
10401
7128
4161
56829
5558
57511
23558
23595
1435
57504
9266
3178
2274
55120
10989
4967
5743
10480
79083
7454
27097
4130
3084
8065
1654
3767
54431
5925
5527
5496
57132
6678
4595
4678
5068
5187
57621
8663
7039
23272
3728
63971
57175
6363
5034
2990
7335
23252
1981
23133
27086
10381
3861
23219
151648
3558
990
85369
6360
55275
3689
673
10630
10636
1813
55135
27185
5311
7436
3398
3603
8323
8726
4041
839
51176
1033
6352
392862
1950
9126
7067
4067
8520
26224
55655
23077
7251
2934
11269
2920
3459
695
5819
348
7374
151888
8454
79155
998
51185
11274
8669
123016
928
10243
11091
8295
79705
1270
1080
57580
55795
6921
6093
2043
9025
9978
3560
6833
2625
6427
5657
160
3579
6603
85358
5885
4651
3976
9337
23268
6605
6118
5660
7329
22948
10015
3077
4312
5147
701
115106
1778
8677
4646
7516
3687
9440
284654
5621
4654
5728
2782
2324
8189
5156
9575
1814
11198
7124
10670
64785
3195
7189
10594
23513
7049
26259
9235
4613
84991
57407
2060
9521
64115
644
57154
219699
5934
7297
10980
8239
7283
161882
8312
2146
79140
3588
57379
867
23435
943
9367
10059
9477
10773
29108
23450
10055
10562
79648
735
1500
27
466
1155
2059
84759
84296
9734
83999
5764
8487
2022
81847
6672
7525
8914
11052
4602
1479
60489
112609
5868
9759
1230
84894
6134
8655
11186
3020
5111
2968
6613
113510
6197
340061
10963
5886
10673
9183
11345
163702
1788
705
8664
1832
3140
6642
1281
6280
7884
1048
3183
9968
4734
51327
131118
5873
10746
116071
4738
6708
5584
55173
79109
55885
6396
22974
3738
9429
374
7372
1131
409
7534
79834
10280
9495
3159
1761
9727
2263
8924
894
8074
10138
2176
2002
79903
54625
5501
64221
575
9252
10063
2959
22994
80198
961
6595
815
51474
7942
253260
5566
4601
11127
3083
4830
10419
8557
4851
11315
51399
2260
3663
23576
10686
889
128866
3727
5774
26268
6497
9020
8565
3676
246330
55174
57805
684
7799
6359
29110
10923
2122
5562
5008
5218
3309
9709
6304
51046
9026
6403
92421
665
79791
10273
6720
6513
3479
991
10043
10042
79813
23438
4066
6389
2690
23269
55269
3066
60485
54888
1050
4194
6262
4085
22938
3480
7010
1495
3705
9788
8131
8976
8971
6878
355
643
84305
64837
8517
57506
29899
1756
5170
6009
6827
5892
10073
7307
11338
2532
1737
84747
27161
55626
1793
4068
170482
2162
140609
7027
9342
2904
10769
923
51529
473
5583
1129
55312
84433
26092
207
23279
4916
3791
23237
9533
81030
136319
2879
55294
8874
3005
3594
344558
66036
7182
2308
284119
116150
4904
581
64866
43
148362
7337
54386
10573
22832
10492
4907
2923
11051
3146
7322
90417
8864
10267
287
6616
9318
2562
92610
5585
1829
200316
7334
2885
115548
79840
6917
9474
64854
393
11073
2874
165918
26043
64750
5874
7403
3568
8535
22891
3484
6194
3428
898
113130
27338
5426
2109
4008
4868
3589
4790
4782
1051
1187
84661
10021
56899
9441
8314
8106
2288
23354
8850
10558
4773
6404
6886
816
79441
6778
7422
51548
22878
8536
23210
8412
64802
9525
54331
5781
6907
10142
27327
896
1937
55584
3952
54583
6626
65059
3757
8816
6949
6428
3486
58499
5789
650
26191
7318
55317
29106
56963
2521
23767
5138
5514
58490
1869
10056
8451
102
64151
5330
5515
55814
80351
90459
2534
1942
8365
5830
2246
995
3135
23466
10291
55617
201501
27250
26013
150
3399
57192
27040
7005
8021
5184
10912
147495
11335
3269
84033
56246
5362
25855
23380
4928
638
3678
405
10188
8175
5982
51807
2041
11093
3673
6385
10920
92815
51594
79027
4300
10728
6241
23586
23163
397
2696
8662
6468
55832
3458
27433
79697
54487
5071
7109
7391
149461
10971
3977
3098
23363
23705
4804
4772
6130
10116
5337
81631
5985
5241
627
6095
9656
1978
8290
2633
55140
114990
2065
10036
1147
1019
7879
659
5713
6375
6594
4881
1410
64682
4141
5518
90550
6944
55197
55968
2280
56949
369
9368
2784
59341
23644
54106
84333
6871
6358
56992
5347
57690
11033
10845
942
9031
7405
375
96459
467
7013
4688
10038
731
10755
2067
23476
6657
51434
5594
54464
7029
3516
6721
8573
572
5525
23451
1956
9141
7178
2250
22872
2888
5890
5983
1894
2688
120892
5579
10552
9191
7323
6728
255967
4716
23028
9319
6400
9589
1789
5797
57461
526
8087
6749
3838
6880
6563
64320
3434
4690
54737
8463
10097
7110
64240
8812
10914
1488
6434
7018
51035
3683
57630
729438
100134934
51259
29117
55600
1441
7979
10274
2792
4643
1072
6045
11041
1605
6612
1365
7098
64223
348110
10524
3998
3586
1161
23405
4603
1943
6502
9675
7343
1105
6640
8666
2740
8805
2695
2886
88
865
1786
63933
2064
56852
8784
1459
4683
8989
4170
3852
5606
4704
3841
5321
1647
5829
3298
29102
6348
4001
1520
4288
79583
1536
3181
93129
4092
23002
1870
9517
8289
873
23397
57019
7068
10987
147
3482
6925
8815
6651
729230
10902
6891
3106
8317
56262
64399
10393
11177
4158
3456
51112
5536
23189
9049
3397
8732
333932
84864
9976
10898
4174
4534
10930
8744
8192
2962
55669
51510
328
11184
9146
7159
367
5433
9862
122553
64805
2908
55802
28996
5265
25904
6607
9112
2113
6873
2909
902
4831
26471
2810
8607
8970
2264
27339
125950
1062
9584
23327
55629
1965
2887
10563
5451
83939
468
2071
6546
79365
3735
26190
7965
81605
3570
103
81873
317
1822
5777
7273
7247
146691
3575
24145
4843
858
4233
2261
857
79833
9139
374403
4035
11140
79626
8772
3839
10664
2321
6361
27335
10576
8667
6421
114932
817
3014
8428
50484
6637
81550
339487
10565
10016
8467
217
1027
27242
8031
5500
915
59343
3958
29978
10487
60412
22919
2118
5573
1949
2674
9554
2771
2193
402
91368
9271
5999
25898
10856
5165
57103
7353
3123
5228
1236
4040
6641
6157
55704
79443
2048
9173
5901
57326
27183
5861
9478
2057
22943
3716
9965
90
317762
7411
10539
5639
358
9184
8678
51138
5252
9997
9150
7507
7415
6811
55257
4923
2058
10152
10482
11255
8195
3685
10054
1024
604
3075
64222
2316
1948
6915
26036
7097
11200
2158
4926
23135
25913
10622
5592
57507
989
101928143
54941
84733
2896
390243
118813
4860
6498
183
8204
10131
10849
25930
1874
148523
4685
54461
4792
5687
100529063
8161
84311
5906
2120
6303
6662
3065
84365
84456
283643
3562
5214
2079
4863
5701
288
4616
6195
124995
3455
117145
8767
23303
5581
26024
969
7046
92335
5685
3035
3064
50855
23512
54617
7090
1440
5900
121536
80184
23291
6401
26007
5052
51386
25978
3556
10617
9013
598
2205
921
9322
718
84232
51296
6097
10228
4210
23286
5591
10915
9555
2752
55827
2694
6383
84230
1785
7533
55233
201255
8766
55506
58477
23383
1108
10200
2550
29101
629
1660
55636
6647
23643
3836
25906
5048
51317
3454
645455
112942
8553
60673
4204
6367
25820
8085
10320
9212
3937
8481
2735
672
84314
7156
1017
8028
4055
2251
10635
55215
90353
23063
5984
8543
4854
5139
10241
1493
6500
2145
51343
81858
7040
1003
5617
30827
114799
7327
7003
10892
57599
1994
7025
7014
84674
5563
65062
4286
11143
1058
27350
9846
1457
6692
2200
84936
50964
7320
7272
494470
23314
2178
8349
9412
6596
9447
5439
7015
59277
5933
9135
8737
56339
1630
3675
388524
6615
167227
23179
79444
2255
55835
84557
79657
9798
10413
1271
192669
9278
6364
26986
5770
941
9610
1487
53335
892
9662
50943
31
3688
8671
54741
171546
6634
9265
100506403
10642
51465
9070
84133
10933
56915
23043
60
27244
283459
10155
9040
27243
6390
80349
10499
3783
7052
547
182
54851
23097
578
8646
6688
5154
7066
10458
3290
197131
5434
8493
332
10471
462
5080
862
23019
7424
2217
10000
54472
79132
79577
4998
4893
3015
3842
9681
2186
55745
780
988
6804
83737
940
80131
6633
2354
5595
3596
59082
1643
83593
8826
5481
9869
55144
685
10540
51135
25842
5037
2108
1237
3597
55072
23495
10916
50813
51421
5298
2332
1524
55031
23411
22820
6478
1969
80153
3679
1326
5096
4205
27316
6188
7536
3667
23198
83987
10044
2091
5001
8237
9739
7846
8313
5204
29882
51542
152559
2960
23152
30011
10891
285
51765
3619
64708
155
9735
9341
6890
91442
22808
3978
8648
4149
5648
116
8829
56616
4225
649
4609
11235
1421
1496
590
55737
8654
55770
143686
286257
708
5753
23569
6117
4436
10269
57721
9531
7535
890
9775
23118
5928
381
22992
10163
387
840
768
3320
3442
54801
23594
4548
1052
5903
6382
10714
148022
3111
4102
7057
9493
23648
4756
2152
51547
408
9419
10083
2547
5930
51554
9820
7486
7158
10217
11122
919
2258
4160
124590
920
89884
4299
26060
3953
8743
4175
9134
79084
84265
32
1408
4090
6189
8337
7292
10454
4891
267
55208
8480
84246
58485
6923
7037
10564
79792
51366
22985
7528
596
100
203068
6279
9646
3122
29028
5927
10432
993
1742
55753
2130
57522
8861
246778
51228
2213
112464
573
2889
3984
6624
545
10204
641
1000
91
1277
10956
2157
9423
7112
987
55250
5073
79095
904
56950
4131
64422
3930
9672
10203
5303
699
6929
50846
57510
10389
9738
6895
2966
6885
168537
5587
5236
30811
1111
51535
83547
25847
3326
83860
25776
6323
7174
26019
7376
5468
3312
3778
64241
4282
8439
26512
3164
55193
5580
64072
10094
54207
162427
23452
335
10135
29109
2203
10611
4088
5602
5576
50717
2826
2648
6374
5473
2919
637
6356
4176
7402
3717
908
661
2237
8436
9958
6464
23385
5704
6872
2335
6772
10325
4628
6341
2969
8945
6091
9969
3661
3853
55723
10093
5216
23035
27343
57459
11035
80854
10096
23060
6354
55218
26523
7804
10309
675
1453
6794
1104
51652
6426
83478
177
6601
5663
57161
54205
23
2956
10488
5936
79871
4582
4015
3417
6628
4908
7332
6741
3837
899
8975
79913
10398
3055
9627
8450
5332
10946
4323
2271
57697
8575
57082
55142
1163
6366
29935
2669
3590
7514
10344
6531
5091
54815
3796
582
9459
11153
3418
53981
5784
151
29085
5887
3624
5716
3659
8438
3445
55284
5618
10765
7813
445
11047
5328
3638
9927
9232
5315
3592
4217
53407
4157
19
7030
5155
8318
6490
912
9349
51720
6370
4086
6625
5335
5971
3572
1460
5516
2252
5364
222236
84126
6357
56034
6868
4357
3604
387338
8683
10615
27035
5902
4208
10693
2244
634
29843
10014
10367
594
8995
7258
29127
10733
10238
6521
1728
3439
55559
196528
100379661
10919
3595
776
3931
23016
5095
6457
1649
2224
7074
3614
10921
80018
1184
11190
100506658
4869
6996
121260
5436
595
23568
5245
65110
2719
23417
262
213
2668
7704
351
2194
10538
3192
54962
6632
5610
60561
51699
5504
6453
153090
3587
25943
1815
9939
27000
7464
54922
6882
10457
60684
83605
5296
81565
6730
8452
7409
54165
6171
54535
2631
3845
10526
1982
3440
7133
22926
51588
208
3112
114882
26135
8915
5888
30008
57508
7186
2921
57524
54880
6347
10221
4952
10721
79738
10456
5608
5965
4922
10945
57521
100505984
9821
2101
9282
3695
4919
3123
5519
23284
26271
9450
22794
10616
100528032
5295
154810
51447
58484
2268
54101
255488
23011
6256
27229
728026
653361
3600
6455
4116
5601
1871
3099
4437
10803
63035
996
5921
274
7132
8344
80204
89780
958
593
2494
7474
23157
65109
5290
10847
25836
3702
55847
9055
7150
3872
8633
4052
100431172
4292
2207
3182
6883
23492
8878
5442
1855
6132
84100
79137
24148
81027
7476
7508
7532
23107
10106
9244
22873
50801
23710
55605
6599
4343
80254
51586
2741
196513
775
51348
1315
23096
7421
8888
6714
7410
5116
5818
23529
10641
166379
2248
2861
11214
5144
10694
7450
1977
6617
23244
6351
4842
6950
6790
64919
23478
5469
1803
200186
57142
55347
5972
284403
8675
94
3108
5571
7520
246
4735
337
11124
440068
9683
219541
1876
5230
2623
56946
29947
93323
2160
2873
23386
3726
2309
4043
3012
55014
329
7703
1901
3654
1021
9557
3875
123879
9276
374383
5727
116113
8431
3672
10229
3708
1759
23047
7291
5438
114548
51341
2520
5783
55004
5894
4193
51639
5000
3329
4999
28989
1642
54949
80006
994
5160
7430
119504
8408
10952
57332
117177
9784
389541
2175
5499
55818
3054
5074
3832
79866
4691
58190
2571
4101
8394
7175
83990
5654
5534
2903
3487
25920
55075
267004
4091
10365
246175
6722
3593
57472
8626
1736
6495
91056
11168
10001
3636
1438
57062
22863
2869
9218
26053
10544
8208
5478
4162
738
6301
2114
7936
2078
3082
4780
57488
6418
8202
6124
55055
83667
54623
54974
107984056
3109
2017
3563
8554
818
1856
1232
10284
1997
6877
26524
114609
55165
3191
214
25924
64121
51253
7319
23032
9217
9776
10025
392
9114
3949
4050
8881
4849
153
55722
8718
11144
1436
10521
29945
5788
8356
7423
27044
353376
8050
4361
23064
4049
5523
26133
10785
9564
221037
1026
8844
3315
6659
3932
2353
1427
4100
8029
55613
1739
5108
26157
85407
3880
54103
140462
6310
85409
80228
2533
56254
2149
50511
121441
8697
55611
5119
5893
25885
8996
6240
2617
83540
10392
372
81620
7076
9094
22803
7161
129880
116844
8672
1317
7099
1945
9230
2066
55755
648
2099
57215
7529
4781
79991
9131
9698
7336
259197
27123
9794
3356
5431
64127
23410
2155
339287
6696
1398
273
7276
7184
2932
3690
8473
10092
80010
79753
3561
2140
10148
9188
50649
5979
868
350
3643
55662
1501
79829
7456
284359
2495
2629
6746
929
55304
4234
5300
85445
2235
811
55610
8832
94103
23344
2665
2976
2672
64858
107984923
583
124944
28973
403
257218
5803
56288
6850
84447
580
7850
842
6775
3554
9125
1235
6196
54903
8658
3674
51053
821
5528
53615
80762
2676
2005
4139
331
51602
6667
23191
6839
8533
3190
84074
5291
8027
9156
57532
6635
1859
10095
4846
27095
1478
6456
7341
29089
4791
2056
330
55536
6683
6249
27241
140809
4173
152007
3106
1020
3107
7453
3433
26173
1439
4689
5530
30849
23207
9618
1107
51574
6726
6789
1489
55340
846
10848
325
84444
2068
356
51592
57162
2
23020
2912
51067
3265
2257
7404
6182
2318
2042
652
3784
7494
23197
91603
26273
146059
23507
84823
657
4318
55971
3799
10277
51100
4803
51631
51068
3609
154
1032
8464
1029
6331
81
