VV  JASPAR MATRIX TABLE, Release 5.0_ALPHA - public - 2014-11-19
XX
//
AC MA0008.1
XX
NA HAT5
XX
P0 A C G T 
01 3 13 4 5
02 21 1 0 3
03 25 0 0 0
04 0 0 0 25
05 0 5 0 20
06 24 0 1 0
07 1 0 0 24
08 0 0 2 23
XX
//
AC MA0020.1
XX
NA Dof2
XX
P0 A C G T 
01 21 0 0 0
02 21 0 0 0
03 21 0 0 0
04 0 0 21 0
05 3 14 2 2
06 7 6 3 5
XX
//
AC MA0021.1
XX
NA Dof3
XX
P0 A C G T 
01 21 0 0 0
02 21 0 0 0
03 21 0 0 0
04 0 0 21 0
05 0 10 3 8
06 6 6 9 0
XX
//
AC MA0034.1
XX
NA Gamyb
XX
P0 A C G T 
01 4 6 11 4
02 10 5 7 3
03 3 13 0 9
04 23 1 1 0
05 25 0 0 0
06 1 24 0 0
07 3 14 6 2
08 6 0 19 0
09 10 11 0 4
10 5 19 1 0
XX
//
AC MA0044.1
XX
NA HMG-1
XX
P0 A C G T 
01 0 5 8 0
02 0 0 3 10
03 0 4 0 9
04 0 2 10 1
05 0 1 0 12
06 6 1 3 3
07 3 5 0 5
08 0 1 2 10
09 0 8 1 4
XX
//
AC MA0045.1
XX
NA HMG-I/Y
XX
P0 A C G T 
01 3 5 4 2
02 7 0 3 4
03 9 1 1 3
04 3 6 4 1
05 11 0 3 0
06 11 0 2 1
07 11 0 2 1
08 3 3 2 6
09 4 1 8 1
10 3 4 6 1
11 8 5 1 0
12 8 1 4 1
13 9 0 2 3
14 9 5 0 0
15 11 0 3 0
16 2 7 0 5
XX
//
AC MA0053.1
XX
NA MNB1A
XX
P0 A C G T 
01 15 0 0 0
02 15 0 0 0
03 15 0 0 0
04 0 0 15 0
05 3 9 0 3
XX
//
AC MA0054.1
XX
NA myb.Ph3
XX
P0 A C G T 
01 19 3 2 46
02 64 1 2 3
03 63 0 2 5
04 4 62 3 1
05 10 27 16 17
06 10 2 53 5
07 13 8 0 49
08 3 17 1 49
09 28 1 0 41
XX
//
AC MA0064.1
XX
NA PBF
XX
P0 A C G T 
01 16 0 0 0
02 16 0 0 0
03 16 0 0 0
04 0 0 16 0
05 1 9 1 5
XX
//
AC MA0082.1
XX
NA squamosa
XX
P0 A C G T 
01 11 14 1 4
02 0 22 0 8
03 24 0 4 2
04 16 2 1 11
05 23 0 0 7
06 17 0 0 13
07 24 1 0 5
08 8 0 1 21
09 14 1 15 0
10 1 1 28 0
11 14 5 1 10
12 25 5 0 0
13 21 2 3 4
14 7 5 8 10
XX
//
AC MA0096.1
XX
NA bZIP910
XX
P0 A C G T 
01 15 15 5 0
02 0 0 0 35
03 0 0 35 0
04 35 0 0 0
05 0 35 0 0
06 0 0 35 0
07 0 0 0 35
XX
//
AC MA0097.1
XX
NA bZIP911
XX
P0 A C G T 
01 1 0 31 1
02 17 0 16 0
03 0 0 0 33
04 0 0 33 0
05 33 0 0 0
06 0 33 0 0
07 0 0 33 0
08 0 0 0 33
09 0 1 32 0
10 1 0 22 10
11 11 20 1 1
12 1 32 0 0
XX
//
AC MA0120.1
XX
NA id1
XX
P0 A C G T 
01 1 1 2 20
02 3 3 4 14
03 1 2 9 12
04 0 9 3 12
05 0 13 4 7
06 2 11 4 7
07 3 8 2 11
08 1 1 1 21
09 8 5 1 10
10 0 6 7 11
11 0 17 0 7
12 2 0 18 4
XX
//
AC MA0121.1
XX
NA ARR10
XX
P0 A C G T 
01 14 1 0 0
02 0 0 15 0
03 14 0 1 0
04 0 0 0 15
05 4 6 0 5
06 1 8 0 6
07 0 0 9 6
08 3 6 4 2
XX
//
AC MA0123.1
XX
NA abi4
XX
P0 A C G T 
01 0 49 0 0
02 12 0 37 0
03 0 20 29 0
04 0 23 1 25
05 1 3 45 0
06 0 45 4 0
07 5 28 6 10
08 3 25 11 10
09 3 31 5 10
10 4 26 7 12
XX
//
AC MA0127.1
XX
NA PEND
XX
P0 A C G T 
01 30 2 8 2
02 6 19 7 10
03 1 0 2 39
04 4 0 4 34
05 3 33 2 4
06 0 2 2 38
07 2 0 1 39
08 32 7 2 1
09 4 3 0 35
10 2 5 14 21
XX
//
AC MA0128.1
XX
NA EmBP-1
XX
P0 A C G T 
01 9 0 0 4
02 1 7 4 1
03 13 0 0 0
04 0 12 0 1
05 0 0 13 0
06 0 0 0 13
07 0 1 12 0
08 0 1 12 0
XX
//
AC MA0129.1
XX
NA TGA1A
XX
P0 A C G T 
01 4 4 0 7
02 13 0 1 1
03 0 14 0 1
04 2 0 13 0
05 1 0 0 14
06 0 15 0 0
07 13 0 1 1
XX
//
AC MA0548.1
XX
NA AGL15
XX
P0 A C G T 
01 9 5 3 133
02 4 10 6 130
03 18 0 11 121
04 0 144 2 4
05 4 99 1 46
06 63 20 18 49
07 15 23 16 96
08 33 4 3 110
09 3 0 0 147
10 15 9 8 118
11 14 14 27 95
12 18 0 124 8
13 2 0 110 38
14 54 30 30 36
15 80 10 11 49
XX
//
AC MA0549.1
XX
NA BES1
XX
P0 A C G T 
01 23 45 10 21
02 41 8 50 0
03 0 99 0 0
04 89 0 4 6
05 0 99 0 0
06 0 0 99 0
07 0 0 0 99
08 3 0 96 0
09 16 5 36 42
10 17 33 46 3
11 36 29 33 1
XX
//
AC MA0550.1
XX
NA BZR1
XX
P0 A C G T 
01 63 60 30 0
02 55 47 27 24
03 30 20 52 51
04 49 66 26 12
05 0 153 0 0
06 147 2 0 4
07 6 147 0 0
08 0 0 153 0
09 0 0 0 153
10 6 5 142 0
11 42 0 39 72
12 41 53 43 16
13 42 61 22 28
14 81 39 0 33
XX
//
AC MA0551.1
XX
NA HY5
XX
P0 A C G T 
01 103 60 68 89
02 108 56 62 94
03 52 55 30 183
04 9 8 279 24
05 150 165 1 4
06 0 317 1 2
07 310 1 9 0
08 3 311 5 1
09 1 5 311 3
10 0 9 1 310
11 2 1 317 0
12 4 1 165 150
13 24 279 8 9
14 183 30 55 52
15 94 62 56 108
16 89 68 60 103
XX
//
AC MA0552.1
XX
NA PIL5
XX
P0 A C G T 
01 37 12 37 28
02 25 0 53 36
03 35 28 29 22
04 53 8 40 13
05 27 27 32 28
06 9 17 73 15
07 38 14 14 48
08 0 103 11 0
09 114 0 0 0
10 0 113 1 0
11 0 0 114 0
12 0 2 0 112
13 0 0 114 0
14 22 23 51 18
XX
//
AC MA0553.1
XX
NA SMZ
XX
P0 A C G T 
01 0 105 0 42
02 0 119 28 0
03 0 0 0 147
04 0 147 0 0
05 0 0 147 0
06 0 0 25 122
07 135 12 0 0
08 0 147 0 0
XX
//
AC MA0554.1
XX
NA SOC1
XX
P0 A C G T 
01 0 209 115 482
02 0 210 135 461
03 33 168 0 605
04 0 326 44 436
05 139 125 119 423
06 78 223 95 410
07 0 206 23 577
08 78 153 123 452
09 64 0 6 736
10 0 263 99 444
11 59 90 57 600
12 0 258 134 414
13 0 180 10 616
14 0 343 78 385
15 49 0 115 642
16 117 286 0 403
17 0 121 0 685
18 33 208 64 501
19 14 190 0 602
20 79 240 98 389
21 126 136 147 397
XX
//
AC MA0555.1
XX
NA SVP
XX
P0 A C G T 
01 28 24 21 19
02 28 11 8 45
03 28 1 10 53
04 33 16 11 32
05 7 85 0 0
06 3 79 1 9
07 58 16 7 11
08 67 5 8 12
09 86 0 0 6
10 77 1 2 12
11 78 8 3 3
12 34 10 14 34
13 16 0 74 2
14 0 0 92 0
15 71 10 0 11
16 84 2 2 4
17 77 7 2 6
18 34 8 39 11
19 50 16 5 21
20 38 21 3 30
XX
//
AC MA0556.1
XX
NA AP3
XX
P0 A C G T 
01 92 36 20 143
02 84 33 39 135
03 48 241 0 2
04 0 232 1 58
05 185 61 11 34
06 217 22 11 41
07 283 0 0 8
08 240 1 0 50
09 156 10 104 21
10 95 0 30 166
11 98 2 191 0
12 7 0 284 0
13 183 56 5 47
14 231 18 9 33
15 243 9 19 20
XX
//
AC MA0557.1
XX
NA FHY3
XX
P0 A C G T 
01 46 81 40 68
02 75 58 25 77
03 9 210 9 7
04 226 3 2 4
05 2 230 1 2
06 3 16 213 3
07 0 220 0 15
08 4 0 228 3
09 18 208 6 3
10 16 40 17 162
11 63 68 40 64
12 82 44 50 59
XX
//
AC MA0558.1
XX
NA FLC
XX
P0 A C G T 
01 121 44 45 65
02 90 61 63 61
03 95 37 21 122
04 82 26 36 131
05 78 25 66 106
06 54 193 12 16
07 9 185 4 77
08 135 70 37 33
09 198 10 38 29
10 261 0 3 11
11 233 3 3 36
12 193 3 18 61
13 78 11 15 171
14 141 0 134 0
15 0 0 275 0
16 217 21 6 31
17 268 3 4 0
18 257 1 15 2
19 62 43 148 22
20 109 47 17 102
21 103 50 29 93
XX
//
AC MA0559.1
XX
NA PI
XX
P0 A C G T 
01 156 335 48 19
02 57 394 44 63
03 357 79 67 55
04 448 12 83 15
05 551 1 4 2
06 498 0 12 48
07 301 8 244 5
08 312 14 69 163
09 231 0 327 0
10 7 6 545 0
11 446 54 7 51
12 495 7 24 32
13 456 26 60 16
14 256 58 199 45
XX
//
AC MA0560.1
XX
NA PIF3
XX
P0 A C G T 
01 210 26 148 143
02 58 131 222 116
03 19 399 94 15
04 0 527 0 0
05 527 0 0 0
06 0 409 0 118
07 0 0 527 0
08 0 0 0 527
09 0 0 527 0
10 259 33 137 98
XX
//
AC MA0561.1
XX
NA PIF4
XX
P0 A C G T 
01 0 335 0 0
02 335 0 0 0
03 0 335 0 0
04 49 0 286 0
05 0 0 0 335
06 0 0 335 0
07 0 99 183 53
08 64 206 65 0
XX
//
AC MA0562.1
XX
NA PIF5
XX
P0 A C G T 
01 0 78 0 208
02 0 286 0 0
03 286 0 0 0
04 0 286 0 0
05 91 0 195 0
06 0 0 0 286
07 0 0 286 0
08 0 95 161 30
XX
//
AC MA0563.1
XX
NA SEP3
XX
P0 A C G T 
01 24 37 29 60
02 19 111 5 15
03 1 97 1 51
04 77 0 0 73
05 12 28 5 105
06 19 0 5 126
07 0 0 0 150
08 9 0 24 117
09 11 3 22 114
10 9 0 138 3
11 0 7 114 29
XX
//
AC MA0564.1
XX
NA ABI3
XX
P0 A C G T 
01 6 60 9 25
02 15 16 15 53
03 3 7 85 5
04 1 96 2 1
05 97 1 1 1
06 1 1 1 97
07 1 1 96 1
08 6 84 8 2
09 50 15 13 22
XX
//
AC MA0565.1
XX
NA FUS3
XX
P0 A C G T 
01 8 61 4 28
02 1 2 97 1
03 1 99 0 0
04 99 0 0 1
05 1 0 1 99
06 0 0 99 1
07 1 97 2 1
08 29 3 59 9
09 15 44 25 16
XX
//
AC MA0566.1
XX
NA MYC2
XX
P0 A C G T 
01 25 10 60 5
02 9 91 0 0
03 97 0 2 1
04 0 85 0 15
05 15 0 85 0
06 1 2 0 97
07 0 0 91 9
08 5 60 10 25
XX
//
AC MA0567.1
XX
NA ERF1
XX
P0 A C G T 
01 42 54 3 1
02 1 1 98 1
03 0 98 1 1
04 4 96 0 0
05 2 0 97 1
06 2 92 2 4
07 1 98 1 1
08 58 5 24 12
XX
//
AC MA0568.1
XX
NA MYC3
XX
P0 A C G T 
01 25 28 40 7
02 10 89 0 0
03 97 0 2 1
04 0 84 0 16
05 16 0 84 0
06 1 2 0 97
07 0 0 89 10
08 7 40 28 25
XX
//
AC MA0569.1
XX
NA MYC4
XX
P0 A C G T 
01 38 18 36 8
02 5 95 0 0
03 99 0 0 1
04 0 94 0 6
05 2 0 98 0
06 0 1 0 99
07 0 0 98 2
08 2 72 8 17
XX
//
AC MA0570.1
XX
NA ABF1
XX
P0 A C G T 
01 0 4 32 8
02 8 2 28 6
03 19 16 0 9
04 0 35 8 1
05 43 0 1 0
06 0 44 0 0
07 0 0 44 0
08 0 0 0 44
09 0 0 44 0
10 0 0 38 6
11 0 44 0 0
12 17 14 9 4
13 6 24 9 5
14 13 6 21 4
15 20 11 11 2
16 12 19 13 0
17 13 12 17 2
18 10 6 23 5
19 13 9 20 2
XX
//
AC MA0005.2
XX
NA AG
XX
P0 A C G T 
01 21 20 6 19
02 9 3 3 51
03 10 0 1 55
04 29 8 8 21
05 0 66 0 0
06 0 65 0 1
07 31 3 6 26
08 47 2 0 17
09 52 0 1 13
10 25 0 1 40
11 17 15 11 23
12 19 8 20 19
13 7 0 57 2
14 2 0 54 10
15 22 17 5 22
16 45 4 5 12
17 40 6 9 11
18 15 10 16 25
XX
//
AC MA0571.1
XX
NA ANT
XX
P0 A C G T 
01 6 4 12 12
02 5 7 13 9
03 8 0 24 2
04 0 32 0 2
05 31 0 2 1
06 0 34 0 0
07 21 0 13 0
08 8 6 15 5
09 15 1 1 17
10 0 3 0 31
11 4 25 0 5
12 0 34 0 0
13 0 33 0 1
14 9 11 13 1
15 34 0 0 0
16 7 1 16 10
17 3 1 29 1
18 2 10 3 19
19 8 6 14 6
20 12 10 4 8
21 19 4 3 8
XX
//
AC MA0572.1
XX
NA ATHB1
XX
P0 A C G T 
01 1 5 3 10
02 4 5 3 10
03 3 13 4 3
04 22 1 0 1
05 25 0 0 0
06 0 0 0 25
07 0 5 0 20
08 25 0 0 0
09 0 0 0 25
10 0 0 0 25
11 3 1 12 0
12 2 8 4 1
XX
//
AC MA0110.2
XX
NA ATHB5
XX
P0 A C G T 
01 0 9 12 9
02 4 9 17 4
03 2 12 8 14
04 2 17 10 7
05 0 32 4 3
06 32 6 0 1
07 39 0 0 0
08 0 0 0 39
09 2 8 7 22
10 39 0 0 0
11 0 0 0 39
12 0 0 0 39
13 0 0 7 1
XX
//
AC MA0573.1
XX
NA ATHB9
XX
P0 A C G T 
01 4 2 1 2
02 5 3 3 3
03 5 4 2 5
04 3 8 2 5
05 0 1 25 0
06 0 6 0 20
07 25 0 1 0
08 26 0 0 0
09 0 0 0 26
10 0 0 26 0
11 26 0 0 0
12 0 0 0 26
13 0 0 3 23
14 17 0 9 0
15 0 25 1 0
16 5 1 4 7
17 2 6 0 4
18 0 3 4 3
19 0 5 3 0
XX
//
AC MA0574.1
XX
NA AtMYB15
XX
P0 A C G T 
01 4 73 9 14
02 27 18 51 4
03 64 18 18 0
04 4 64 18 14
05 0 0 100 0
06 0 0 100 0
07 0 0 0 100
08 87 4 0 9
09 0 0 100 0
10 0 0 100 0
11 0 0 0 100
12 18 0 78 4
13 4 0 87 9
XX
//
AC MA0575.1
XX
NA AtMYB77
XX
P0 A C G T 
01 33 30 20 17
02 57 17 17 9
03 27 9 37 27
04 6 30 20 44
05 9 6 82 3
06 68 3 23 6
07 0 100 0 0
08 50 0 50 0
09 0 0 100 0
10 0 0 0 100
11 0 0 0 100
12 68 3 26 3
13 3 55 30 12
XX
//
AC MA0576.1
XX
NA AtMYB84
XX
P0 A C G T 
01 22 18 42 18
02 0 14 86 0
03 18 4 78 0
04 14 9 55 22
05 0 0 100 0
06 0 0 100 0
07 0 0 0 100
08 78 4 4 14
09 0 0 100 0
10 0 0 100 0
11 0 0 0 100
12 0 0 96 4
13 4 32 60 4
XX
//
AC MA0577.1
XX
NA AtSPL3
XX
P0 A C G T 
01 13 3 9 9
02 8 2 8 16
03 14 0 6 14
04 10 1 13 10
05 13 15 1 5
06 2 29 2 1
07 0 0 34 0
08 0 0 0 34
09 34 0 0 0
10 0 34 0 0
11 10 7 7 10
12 13 6 2 13
13 8 9 4 13
14 10 8 2 14
15 12 7 0 15
16 9 12 3 10
XX
//
AC MA0578.1
XX
NA AtSPL8
XX
P0 A C G T 
01 11 1 4 14
02 11 0 6 13
03 9 4 6 11
04 10 1 4 15
05 10 6 4 10
06 3 10 2 15
07 0 0 30 0
08 0 0 0 30
09 30 0 0 0
10 0 30 0 0
11 6 12 1 11
12 10 7 0 13
13 5 8 1 16
14 13 5 0 12
15 10 3 0 17
16 11 6 0 13
XX
//
AC MA0579.1
XX
NA CDC5
XX
P0 A C G T 
01 28 24 32 15
02 17 26 55 2
03 0 92 4 4
04 2 2 0 96
05 6 85 0 8
06 91 2 2 4
07 2 0 93 4
08 2 93 5 0
09 4 4 91 0
10 2 55 27 16
11 18 23 45 14
XX
//
AC MA0580.1
XX
NA DYT1
XX
P0 A C G T 
01 4 6 0 1
02 3 1 7 0
03 1 2 1 7
04 2 2 6 1
05 10 1 0 0
06 3 0 7 1
07 4 0 0 7
08 0 11 0 0
09 11 0 0 0
10 0 11 0 0
11 1 0 10 0
12 0 0 0 11
13 0 0 11 0
14 11 0 0 0
XX
//
AC MA0581.1
XX
NA LEC2
XX
P0 A C G T 
01 107 86 119 175
02 96 163 165 63
03 2 475 0 10
04 487 0 0 0
05 0 0 0 487
06 0 0 487 0
07 0 487 0 0
08 301 30 156 0
09 115 218 60 94
10 228 86 44 129
11 96 79 62 250
XX
//
AC MA0582.1
XX
NA RAV1
XX
P0 A C G T 
01 14 17 12 6
02 16 11 10 14
03 7 14 35 1
04 0 62 0 0
05 47 12 9 0
06 62 4 3 0
07 0 69 0 0
08 69 0 0 0
09 9 7 32 21
10 41 4 4 20
11 34 6 10 19
12 27 9 17 16
XX
//
AC MA0583.1
XX
NA RAV1
XX
P0 A C G T 
01 22 12 10 18
02 13 15 8 28
03 8 49 1 7
04 40 6 8 11
05 1 56 3 5
06 0 65 0 0
07 0 0 0 65
08 0 0 58 0
09 24 7 19 5
10 12 15 18 9
11 12 14 16 10
12 8 20 5 13
XX
//
AC MA0584.1
XX
NA SEP1
XX
P0 A C G T 
01 14 15 7 15
02 14 6 10 21
03 11 4 6 30
04 19 7 9 16
05 0 51 0 0
06 0 46 0 5
07 39 5 1 6
08 20 2 4 25
09 37 0 0 14
10 25 0 0 26
11 28 4 4 15
12 4 6 3 38
13 26 0 25 0
14 0 0 51 0
15 23 11 3 14
16 40 3 0 8
17 33 5 5 8
18 6 8 17 20
XX
//
AC MA0001.2
XX
NA SEP4
XX
P0 A C G T 
01 22 29 34 10
02 16 9 29 41
03 25 8 4 58
04 27 16 13 39
05 0 92 0 3
06 0 79 0 16
07 82 1 2 10
08 40 4 3 48
09 56 0 1 38
10 35 0 0 60
11 65 1 4 25
12 25 4 3 63
13 64 0 28 3
14 0 0 92 3
15 33 14 15 33
16 52 5 7 31
17 45 23 13 14
18 21 24 26 24
XX
//
AC MA0585.1
XX
NA SHP1
XX
P0 A C G T 
01 21 11 15 18
02 12 6 9 38
03 4 1 9 51
04 21 5 22 17
05 0 65 0 0
06 1 63 1 0
07 30 6 7 22
08 31 4 8 22
09 42 1 1 21
10 26 3 2 34
11 14 14 9 28
12 15 8 28 14
13 7 0 56 2
14 4 0 56 5
15 26 6 5 28
16 48 10 4 3
17 39 9 8 9
18 18 15 19 13
XX
//
AC MA0586.1
XX
NA SPL14
XX
P0 A C G T 
01 2 5 4 9
02 4 6 4 6
03 4 5 6 5
04 4 8 1 7
05 3 4 9 4
06 3 1 4 12
07 0 20 0 0
08 0 20 0 0
09 0 0 20 0
10 0 0 0 20
11 20 0 0 0
12 0 20 0 0
13 12 0 8 0
14 6 3 8 3
15 4 3 7 6
16 8 3 5 4
17 3 4 8 5
18 3 6 8 3
19 5 1 11 3
XX
//
AC MA0587.1
XX
NA TCP16
XX
P0 A C G T 
01 3 0 60 1
02 1 3 0 60
03 0 0 64 0
04 0 0 64 0
05 32 8 15 9
06 1 60 2 1
07 0 64 0 0
08 0 64 0 0
09 18 10 29 7
10 12 20 26 6
XX
//
AC MA0588.1
XX
NA TGA1
XX
P0 A C G T 
01 2 5 6 10
02 3 8 16 2
03 11 9 12 0
04 0 0 0 36
05 0 0 36 0
06 36 0 0 0
07 0 33 0 3
08 2 0 34 0
09 1 3 2 20
10 6 5 6 5
11 11 0 6 7
XX
//
AC MA0589.1
XX
NA ZAP1
XX
P0 A C G T 
01 0 0 0 50
02 0 0 0 50
03 0 0 50 0
04 50 0 0 0
05 0 50 0 0
06 1 47 1 1
07 2 5 40 3
08 32 11 4 3
09 2 7 37 4
10 2 28 5 14
11 8 20 5 13
XX
//
AC MA0590.1
XX
NA LFY
XX
P0 A C G T 
01 32 104 49 199
02 266 13 17 80
03 56 75 12 325
04 20 7 178 360
05 126 0 246 4
06 228 43 2 50
07 10 364 0 8
08 0 358 0 19
09 94 2 273 10
10 35 174 174 35
11 10 273 2 94
12 19 0 358 0
13 8 0 364 10
14 50 2 43 228
15 4 246 0 126
16 360 178 7 20
17 325 12 75 56
18 80 17 13 266
19 199 49 104 32
XX
//
