VV  JASPAR MATRIX TABLE, Release 5.0_ALPHA - public - 2014-11-19
XX
//
AC MA0260.1
XX
NA che-1
XX
P0 A C G T 
01 0 0 37 0
02 37 0 0 0
03 37 0 0 0
04 19 0 18 0
05 0 37 0 0
06 0 26 11 0
XX
//
AC MA0261.1
XX
NA lin-14
XX
P0 A C G T 
01 0 0 159 0
02 159 0 0 0
03 159 0 0 0
04 0 159 0 0
05 84 7 56 12
06 6 84 29 39
XX
//
AC MA0262.1
XX
NA mab-3
XX
P0 A C G T 
01 76 3 13 8
02 86 0 0 14
03 0 1 0 99
04 0 0 100 0
05 0 0 0 100
06 0 0 0 100
07 0 0 100 0
08 0 100 0 0
09 13 19 67 1
10 62 0 11 27
11 50 0 6 44
12 29 13 22 36
13 8 8 10 74
XX
//
AC MA0263.1
XX
NA ttx-3::ceh-10
XX
P0 A C G T 
01 28 0 1 0
02 0 0 1 28
03 1 0 0 28
04 9 0 20 0
05 0 0 28 1
06 2 16 1 10
07 3 5 1 20
08 1 5 0 23
09 14 15 0 0
10 4 3 22 0
11 0 0 0 29
12 0 2 0 27
13 24 1 0 4
14 15 0 9 5
XX
//
AC MA0264.1
XX
NA ceh-22
XX
P0 A C G T 
01 33 15 31 19
02 8 71 19 0
03 0 89 0 9
04 93 1 0 5
05 1 97 0 0
06 0 0 0 99
07 0 16 0 83
08 7 27 63 1
09 95 0 0 4
10 46 29 20 3
11 51 20 15 12
XX
//
AC MA0537.1
XX
NA BLMP-1
XX
P0 A C G T 
01 1909 0 1459 0
02 3092 0 266 10
03 2926 0 442 0
04 3216 0 152 0
05 842 0 2060 466
06 1157 335 548 1328
07 0 0 3368 0
08 3368 0 0 0
09 2129 0 1086 153
10 3081 0 254 33
11 1745 128 1383 112
XX
//
AC MA0538.1
XX
NA DAF-12
XX
P0 A C G T 
01 22 20 113 1
02 71 0 13 72
03 33 0 123 0
04 23 52 6 75
05 0 0 156 0
06 0 52 0 104
07 0 0 156 0
08 15 25 14 102
09 0 20 97 39
10 1 0 0 155
11 0 1 154 1
12 0 79 16 61
13 32 0 84 40
14 17 20 28 91
15 17 43 56 40
XX
//
AC MA0540.1
XX
NA DPY-27
XX
P0 A C G T 
01 0 6 3 13
02 2 8 8 4
03 1 0 3 18
04 1 19 0 2
05 0 22 0 0
06 0 22 0 0
07 0 0 0 22
08 0 0 14 8
09 1 19 1 1
10 0 0 22 0
11 0 21 0 1
12 3 3 13 3
13 16 0 0 6
14 8 0 3 11
15 9 0 6 7
16 12 1 9 0
XX
//
AC MA0541.1
XX
NA EFL-1
XX
P0 A C G T 
01 662 738 194 612
02 589 391 811 415
03 580 799 166 661
04 352 314 875 665
05 92 1150 893 71
06 61 22 2123 0
07 11 2192 3 0
08 0 0 2206 0
09 0 1239 967 0
10 133 628 1445 0
11 2096 55 18 37
12 2011 26 156 13
13 1424 137 177 468
14 696 214 171 1125
15 319 389 352 1146
XX
//
AC MA0542.1
XX
NA ELT-3
XX
P0 A C G T 
01 0 108 0 614
02 0 432 124 166
03 0 0 0 722
04 0 0 0 722
05 722 0 0 0
06 0 0 0 722
07 0 722 0 0
08 722 0 0 0
XX
//
AC MA0543.1
XX
NA EOR-1
XX
P0 A C G T 
01 439 169 427 218
02 457 133 497 166
03 939 89 167 58
04 133 2 1113 5
05 1206 1 0 46
06 100 0 1126 27
07 1153 12 70 18
08 262 597 319 75
09 429 44 694 86
10 237 547 403 66
11 1184 41 28 0
12 74 28 1151 0
13 1170 3 74 6
14 202 336 686 29
15 974 26 184 69
XX
//
AC MA0544.1
XX
NA GEI-11
XX
P0 A C G T 
01 90 7 175 38
02 3 34 3 270
03 0 0 310 0
04 2 2 0 306
05 3 305 0 2
06 8 12 278 12
07 4 2 299 5
08 12 256 15 27
09 0 179 30 101
10 10 0 296 4
11 0 293 1 16
12 39 65 37 169
XX
//
AC MA0545.1
XX
NA HLH-1
XX
P0 A C G T 
01 71 139 148 23
02 306 22 53 0
03 289 15 72 5
04 0 381 0 0
05 381 0 0 0
06 68 13 297 3
07 23 264 12 82
08 0 3 0 378
09 0 0 381 0
10 97 75 77 132
11 0 261 22 98
XX
//
AC MA0546.1
XX
NA PHA-4
XX
P0 A C G T 
01 585 71 0 354
02 534 0 471 5
03 537 0 79 394
04 41 0 969 0
05 0 407 0 603
06 862 148 0 0
07 1010 0 0 0
08 1010 0 0 0
09 0 623 0 387
10 1010 0 0 0
XX
//
AC MA0547.1
XX
NA SKN-1
XX
P0 A C G T 
01 190 43 62 23
02 237 12 39 30
03 209 24 55 30
04 268 0 16 34
05 32 36 26 224
06 0 17 301 0
07 265 35 5 13
08 20 0 0 298
09 0 0 318 0
10 318 0 0 0
11 31 179 22 86
12 249 0 28 41
13 240 0 0 78
14 139 16 21 142
15 92 37 53 136
XX
//
