VV  JASPAR MATRIX TABLE, Release 5.0_ALPHA - public - 2014-11-19
XX
//
AC MA0004.1
XX
NA Arnt
XX
P0 A C G T 
01 4 16 0 0
02 19 0 1 0
03 0 20 0 0
04 0 0 20 0
05 0 0 0 20
06 0 0 20 0
XX
//
AC MA0006.1
XX
NA Arnt::Ahr
XX
P0 A C G T 
01 3 8 2 11
02 0 0 23 1
03 0 23 0 1
04 0 0 23 1
05 0 0 0 24
06 0 0 24 0
XX
//
AC MA0009.1
XX
NA T
XX
P0 A C G T 
01 2 28 8 2
02 1 1 0 38
03 40 0 0 0
04 0 0 40 0
05 0 0 40 0
06 0 0 0 40
07 0 0 40 0
08 0 2 0 38
09 1 7 28 4
10 40 0 0 0
11 31 5 0 4
XX
//
AC MA0017.1
XX
NA NR2F1
XX
P0 A C G T 
01 0 0 2 11
02 1 0 12 0
03 12 0 1 0
04 6 7 0 0
05 0 13 0 0
06 0 3 0 10
07 0 2 0 11
08 1 0 0 12
09 2 0 11 0
10 6 4 3 0
11 6 5 1 1
12 1 10 1 1
13 3 6 0 4
14 0 3 3 7
XX
//
AC MA0019.1
XX
NA Ddit3::Cebpa
XX
P0 A C G T 
01 14 7 12 6
02 11 7 14 7
03 18 3 15 3
04 0 1 0 38
05 0 0 38 1
06 4 33 0 2
07 38 1 0 0
08 36 2 1 0
09 0 6 0 33
10 14 17 5 3
11 4 23 9 3
12 0 26 6 7
XX
//
AC MA0025.1
XX
NA NFIL3
XX
P0 A C G T 
01 1 0 0 22
02 0 0 2 21
03 22 0 0 1
04 0 8 0 15
05 2 0 21 0
06 0 0 0 23
07 23 0 0 0
08 22 0 1 0
09 0 11 4 8
10 7 5 7 4
11 5 5 3 10
XX
//
AC MA0027.1
XX
NA En1
XX
P0 A C G T 
01 4 1 2 3
02 5 2 2 1
03 3 0 7 0
04 0 0 2 8
05 4 0 3 3
06 3 0 7 0
07 3 0 0 7
08 2 1 4 3
09 1 3 3 3
10 1 4 1 4
11 1 6 1 2
XX
//
AC MA0028.1
XX
NA ELK1
XX
P0 A C G T 
01 7 7 10 4
02 10 6 6 6
03 9 4 10 5
04 5 19 1 3
05 2 24 1 1
06 0 0 24 4
07 1 0 27 0
08 27 0 1 0
09 21 5 0 2
10 13 0 14 1
XX
//
AC MA0029.1
XX
NA Mecom
XX
P0 A C G T 
01 14 2 6 5
02 20 1 2 4
03 0 1 25 1
04 27 0 0 0
05 1 10 0 16
06 27 0 0 0
07 26 0 1 0
08 0 0 27 0
09 27 0 0 0
10 0 3 0 24
11 24 1 0 2
12 23 0 4 0
13 6 7 7 7
14 15 6 3 3
XX
//
AC MA0030.1
XX
NA FOXF2
XX
P0 A C G T 
01 1 10 7 9
02 10 7 5 5
03 17 4 2 4
04 13 5 5 5
05 3 11 8 0
06 7 0 20 0
07 0 0 0 27
08 27 0 0 0
09 27 0 0 0
10 27 0 0 0
11 0 25 0 2
12 27 0 0 0
13 16 4 2 5
14 7 4 6 10
XX
//
AC MA0031.1
XX
NA FOXD1
XX
P0 A C G T 
01 1 1 17 1
02 0 0 0 20
03 19 1 0 0
04 20 0 0 0
05 18 1 1 0
06 1 18 0 1
07 20 0 0 0
08 7 2 3 8
XX
//
AC MA0032.1
XX
NA FOXC1
XX
P0 A C G T 
01 4 4 5 3
02 2 5 6 3
03 4 4 3 5
04 6 4 5 1
05 7 3 2 4
06 0 0 16 0
07 0 0 0 16
08 16 0 0 0
XX
//
AC MA0033.1
XX
NA FOXL1
XX
P0 A C G T 
01 7 1 4 11
02 10 4 2 7
03 6 3 6 8
04 13 4 4 2
05 4 10 2 7
06 21 0 2 0
07 0 2 0 21
08 22 1 0 0
XX
//
AC MA0038.1
XX
NA Gfi1
XX
P0 A C G T 
01 9 20 9 15
02 28 16 7 2
03 53 0 0 0
04 53 0 0 0
05 1 0 1 51
06 1 52 0 0
07 31 7 2 13
08 8 28 11 6
09 19 11 2 21
10 7 13 28 5
XX
//
AC MA0040.1
XX
NA Foxq1
XX
P0 A C G T 
01 4 4 3 7
02 13 1 3 1
03 5 2 0 11
04 3 0 0 15
05 0 0 18 0
06 0 0 0 18
07 0 0 0 18
08 0 0 0 18
09 17 0 1 0
10 0 1 4 13
11 6 0 3 9
XX
//
AC MA0041.1
XX
NA Foxd3
XX
P0 A C G T 
01 11 3 26 7
02 30 2 0 15
03 24 1 0 22
04 1 4 0 42
05 12 0 34 1
06 0 0 0 47
07 1 0 0 46
08 5 0 10 32
09 14 0 21 12
10 6 7 0 34
11 1 2 4 40
12 0 12 0 35
XX
//
AC MA0042.1
XX
NA FOXI1
XX
P0 A C G T 
01 6 1 14 10
02 4 8 12 7
03 11 4 8 8
04 0 0 0 31
05 13 0 18 0
06 0 0 0 31
07 0 0 0 31
08 0 0 0 31
09 15 0 16 0
10 0 0 7 24
11 8 1 4 18
12 2 1 4 24
XX
//
AC MA0043.1
XX
NA HLF
XX
P0 A C G T 
01 1 4 8 5
02 6 0 12 0
03 1 0 0 17
04 0 0 3 15
05 13 1 2 2
06 0 15 1 2
07 6 0 12 0
08 0 9 0 9
09 13 4 1 0
10 15 0 1 2
11 2 3 1 12
12 5 5 3 5
XX
//
AC MA0046.1
XX
NA HNF1A
XX
P0 A C G T 
01 5 0 14 2
02 1 0 20 0
03 1 0 0 20
04 1 0 0 20
05 20 0 0 1
06 16 2 1 2
07 1 0 0 20
08 8 2 4 7
09 14 0 1 6
10 2 0 0 19
11 0 4 0 17
12 13 1 3 4
13 8 8 3 2
14 5 13 0 3
XX
//
AC MA0048.1
XX
NA NHLH1
XX
P0 A C G T 
01 13 13 17 11
02 13 39 2 0
03 3 5 37 9
04 1 53 0 0
05 54 0 0 0
06 1 1 52 0
07 1 50 3 0
08 1 1 0 52
09 0 0 53 1
10 3 37 8 6
11 2 0 37 15
12 5 17 12 20
XX
//
AC MA0051.1
XX
NA IRF2
XX
P0 A C G T 
01 0 4 7 1
02 2 0 10 0
03 12 0 0 0
04 11 0 0 1
05 12 0 0 0
06 2 0 10 0
07 0 6 0 6
08 0 0 12 0
09 12 0 0 0
10 12 0 0 0
11 12 0 0 0
12 0 6 6 0
13 0 7 2 3
14 5 2 3 2
15 6 0 2 4
16 6 1 1 4
17 5 2 1 4
18 3 6 1 2
XX
//
AC MA0056.1
XX
NA MZF1_1-4
XX
P0 A C G T 
01 3 5 4 8
02 0 0 19 1
03 2 0 18 0
04 0 0 19 1
05 0 0 20 0
06 18 0 2 0
XX
//
AC MA0057.1
XX
NA MZF1_5-13
XX
P0 A C G T 
01 1 4 7 4
02 2 0 7 7
03 15 1 0 0
04 0 0 11 5
05 0 0 15 1
06 0 2 14 0
07 0 0 14 2
08 3 1 8 4
09 10 0 4 2
10 8 2 4 2
XX
//
AC MA0059.1
XX
NA MYC::MAX
XX
P0 A C G T 
01 7 1 9 4
02 15 1 4 1
03 2 9 9 1
04 1 20 0 0
05 21 0 0 0
06 0 20 0 1
07 1 0 20 0
08 0 1 0 20
09 0 0 21 0
10 1 1 18 1
11 3 5 0 13
XX
//
AC MA0063.1
XX
NA Nkx2-5
XX
P0 A C G T 
01 7 0 1 9
02 0 4 0 13
03 17 0 0 0
04 17 0 0 0
05 0 0 7 10
06 4 2 0 11
07 2 1 11 3
XX
//
AC MA0066.1
XX
NA PPARG
XX
P0 A C G T 
01 3 8 14 3
02 3 0 0 25
03 19 0 9 0
04 0 1 27 0
05 1 0 26 1
06 0 1 4 23
07 2 23 3 0
08 26 1 0 1
09 5 15 4 4
10 5 7 10 6
11 4 2 18 4
12 1 0 2 25
13 2 5 20 1
14 22 5 0 1
15 1 27 0 0
16 0 25 0 3
17 3 12 0 13
18 22 5 0 1
19 5 12 6 5
20 7 0 1 20
XX
//
AC MA0067.1
XX
NA Pax2
XX
P0 A C G T 
01 10 7 5 9
02 7 1 21 2
03 3 2 0 26
04 0 28 1 2
05 26 1 3 1
06 2 17 1 11
07 2 0 19 10
08 1 11 11 8
XX
//
AC MA0068.1
XX
NA Pax4
XX
P0 A C G T 
01 7 2 11 1
02 20 0 1 0
03 16 2 1 2
04 11 1 1 8
05 13 1 3 4
06 11 3 1 6
07 6 1 2 12
08 9 1 1 10
09 5 3 6 7
10 5 11 1 4
11 6 11 4 0
12 7 7 5 2
13 8 7 2 4
14 6 5 1 9
15 10 5 4 2
16 4 8 4 5
17 3 6 4 8
18 7 8 3 3
19 4 9 3 5
20 9 6 2 4
21 5 7 5 4
22 5 6 2 8
23 7 11 0 3
24 6 9 1 5
25 3 12 2 4
26 7 9 2 3
27 3 12 2 4
28 1 11 3 6
29 6 11 1 3
30 3 13 2 3
XX
//
AC MA0069.1
XX
NA Pax6
XX
P0 A C G T 
01 2 4 4 33
02 2 2 0 39
03 4 26 1 12
04 39 2 1 1
05 3 34 1 5
06 1 0 41 1
07 1 37 4 1
08 21 2 2 18
09 1 4 1 37
10 2 14 25 2
11 36 0 6 1
12 11 11 13 8
13 1 5 3 34
14 1 0 17 25
XX
//
AC MA0070.1
XX
NA PBX1
XX
P0 A C G T 
01 5 6 2 5
02 3 9 3 3
03 16 1 1 0
04 1 1 0 16
05 0 18 0 0
06 17 1 0 0
07 17 0 0 1
08 0 0 1 17
09 0 18 0 0
10 16 1 0 1
11 12 0 1 5
12 8 2 2 6
XX
//
AC MA0071.1
XX
NA RORA_1
XX
P0 A C G T 
01 15 1 2 7
02 9 1 0 15
03 6 12 4 3
04 11 2 5 7
05 21 0 4 0
06 0 0 25 0
07 0 0 25 0
08 0 0 0 25
09 0 25 0 0
10 25 0 0 0
XX
//
AC MA0072.1
XX
NA RORA_2
XX
P0 A C G T 
01 9 8 8 11
02 17 2 7 10
03 15 0 3 18
04 35 1 0 0
05 23 0 0 13
06 2 12 13 9
07 0 0 0 36
08 28 0 8 0
09 0 0 36 0
10 0 0 36 0
11 0 0 0 36
12 0 36 0 0
13 36 0 0 0
14 15 6 10 5
XX
//
AC MA0073.1
XX
NA RREB1
XX
P0 A C G T 
01 3 8 0 0
02 1 10 0 0
03 3 8 0 0
04 0 11 0 0
05 7 4 0 0
06 9 2 0 0
07 8 3 0 0
08 4 6 0 1
09 0 11 0 0
10 11 0 0 0
11 4 7 0 0
12 1 10 0 0
13 3 8 0 0
14 4 6 1 0
15 2 9 0 0
16 4 5 0 2
17 4 5 1 1
18 4 6 0 1
19 1 7 3 0
20 4 4 2 1
XX
//
AC MA0074.1
XX
NA RXRA::VDR
XX
P0 A C G T 
01 3 0 7 0
02 0 0 10 0
03 0 0 9 1
04 0 0 0 10
05 0 9 0 1
06 9 0 1 0
07 4 2 0 4
08 2 4 2 2
09 2 0 8 0
10 5 0 5 0
11 0 0 10 0
12 0 0 0 10
13 1 0 0 9
14 0 9 0 1
15 7 1 2 0
XX
//
AC MA0075.1
XX
NA Prrx2
XX
P0 A C G T 
01 52 2 4 1
02 59 0 0 0
03 0 0 1 58
04 0 0 0 59
05 58 0 1 0
XX
//
AC MA0077.1
XX
NA SOX9
XX
P0 A C G T 
01 3 55 9 9
02 8 38 6 24
03 71 1 0 4
04 2 1 2 71
05 7 0 4 65
06 2 2 72 0
07 13 0 4 59
08 9 7 6 54
09 14 31 7 24
XX
//
AC MA0078.1
XX
NA Sox17
XX
P0 A C G T 
01 7 9 6 9
02 8 8 4 11
03 3 18 1 9
04 30 0 0 1
05 0 1 0 30
06 0 0 0 31
07 0 0 31 0
08 0 0 2 29
09 0 17 10 4
XX
//
AC MA0081.1
XX
NA SPIB
XX
P0 A C G T 
01 31 0 0 18
02 4 14 29 2
03 24 16 7 2
04 2 0 47 0
05 1 0 47 1
06 48 0 0 1
07 47 0 0 2
XX
//
AC MA0084.1
XX
NA SRY
XX
P0 A C G T 
01 5 5 10 8
02 8 3 4 13
03 15 0 3 10
04 18 3 3 4
05 25 0 0 3
06 0 26 0 2
07 28 0 0 0
08 27 0 1 0
09 7 0 2 19
XX
//
AC MA0087.1
XX
NA Sox5
XX
P0 A C G T 
01 23 0 0 0
02 0 0 1 22
03 0 0 0 23
04 1 0 22 0
05 0 1 0 22
06 1 1 0 21
07 8 3 4 8
XX
//
AC MA0088.1
XX
NA znf143
XX
P0 A C G T 
01 0 3 4 3
02 6 2 1 1
03 2 3 1 4
04 0 3 2 5
05 2 1 0 7
06 1 7 0 2
07 0 10 0 0
08 0 10 0 0
09 9 1 0 0
10 0 1 4 5
11 4 4 2 0
12 6 2 2 0
13 0 0 1 9
14 0 1 6 3
15 0 10 0 0
16 4 5 0 1
17 3 1 1 5
18 2 3 0 5
19 1 1 7 1
20 3 6 1 0
XX
//
AC MA0089.1
XX
NA NFE2L1::MafG
XX
P0 A C G T 
01 7 11 10 6
02 29 2 3 0
03 0 0 0 34
04 1 0 32 1
05 34 0 0 0
06 0 26 2 6
XX
//
AC MA0090.1
XX
NA TEAD1
XX
P0 A C G T 
01 1 6 1 4
02 9 0 3 0
03 0 12 0 0
04 12 0 0 0
05 0 0 0 12
06 0 0 0 12
07 0 12 0 0
08 0 11 0 1
09 5 0 0 7
10 1 7 4 0
11 2 4 3 3
12 0 2 8 2
XX
//
AC MA0091.1
XX
NA TAL1::TCF3
XX
P0 A C G T 
01 13 14 8 9
02 9 10 20 5
03 39 0 3 2
04 20 24 0 0
05 0 43 1 0
06 44 0 0 0
07 0 1 11 32
08 12 32 0 0
09 0 0 0 44
10 0 0 43 1
11 0 3 20 21
12 4 4 2 34
XX
//
AC MA0092.1
XX
NA Hand1::Tcfe2a
XX
P0 A C G T 
01 4 8 10 7
02 10 0 15 4
03 2 2 1 24
04 0 28 0 1
05 0 0 0 29
06 0 0 29 0
07 0 3 25 1
08 9 14 1 5
09 16 0 3 10
10 5 4 4 16
XX
//
AC MA0101.1
XX
NA REL
XX
P0 A C G T 
01 0 5 8 4
02 0 1 15 1
03 1 0 15 1
04 5 1 9 2
05 6 5 3 3
06 5 1 1 10
07 1 0 0 16
08 2 0 0 15
09 0 15 0 2
10 1 16 0 0
XX
//
AC MA0107.1
XX
NA RELA
XX
P0 A C G T 
01 0 4 11 3
02 0 0 17 1
03 0 0 18 0
04 11 0 7 0
05 10 3 4 1
06 2 0 0 16
07 0 0 0 18
08 0 2 0 16
09 0 18 0 0
10 0 18 0 0
XX
//
AC MA0108.2
XX
NA TBP
XX
P0 A C G T 
01 61 145 152 31
02 16 46 18 309
03 352 0 2 35
04 3 10 2 374
05 354 0 5 30
06 268 0 0 121
07 360 3 20 6
08 222 2 44 121
09 155 44 157 33
10 56 135 150 48
11 83 147 128 31
12 82 127 128 52
13 82 118 128 61
14 68 107 139 75
15 77 101 140 71
XX
//
AC MA0109.1
XX
NA Hltf
XX
P0 A C G T 
01 16 10 12 13
02 20 12 5 16
03 26 33 0 0
04 0 59 0 0
05 25 0 0 34
06 0 0 0 59
07 24 5 12 18
08 0 0 22 37
09 15 14 14 8
10 12 12 10 15
XX
//
AC MA0111.1
XX
NA Spz1
XX
P0 A C G T 
01 9 0 3 0
02 0 2 9 1
03 2 0 10 0
04 0 0 11 1
05 1 0 1 10
06 8 0 0 4
07 6 0 2 4
08 1 9 2 0
09 10 0 2 0
10 0 1 9 2
11 2 8 2 0
XX
//
AC MA0115.1
XX
NA NR1H2::RXRA
XX
P0 A C G T 
01 17 5 0 3
02 17 1 5 2
03 20 0 5 0
04 0 0 25 0
05 0 0 24 1
06 0 0 0 25
07 0 25 0 0
08 25 0 0 0
09 24 0 0 1
10 25 0 0 0
11 0 0 25 0
12 0 0 25 0
13 0 0 0 25
14 0 25 0 0
15 25 0 0 0
16 20 1 2 2
17 0 15 6 4
XX
//
AC MA0116.1
XX
NA Zfp423
XX
P0 A C G T 
01 7 4 22 0
02 0 16 17 0
03 16 17 0 0
04 17 16 0 0
05 0 33 0 0
06 0 33 0 0
07 1 17 0 15
08 24 0 0 9
09 13 0 16 4
10 0 0 33 0
11 0 0 33 0
12 0 0 17 16
13 0 0 16 17
14 0 8 16 9
15 11 22 0 0
XX
//
AC MA0117.1
XX
NA Mafb
XX
P0 A C G T 
01 0 0 15 0
02 1 12 1 1
03 0 3 1 11
04 1 0 12 2
05 12 2 0 1
06 3 8 1 3
07 3 1 7 4
08 2 5 5 3
XX
//
AC MA0119.1
XX
NA TLX1::NFIC
XX
P0 A C G T 
01 0 0 0 16
02 0 0 16 0
03 0 0 16 0
04 0 16 0 0
05 14 1 0 1
06 2 8 5 1
07 2 8 4 2
08 7 1 5 3
09 4 3 2 7
10 0 0 16 0
11 0 16 0 0
12 0 16 0 0
13 16 0 0 0
14 14 0 1 1
XX
//
AC MA0122.1
XX
NA Nkx3-2
XX
P0 A C G T 
01 4 7 4 9
02 1 4 5 14
03 13 1 7 3
04 24 0 0 0
05 0 0 24 0
06 0 0 0 24
07 6 0 18 0
08 4 6 12 2
09 9 7 5 3
XX
//
AC MA0124.1
XX
NA NKX3-1
XX
P0 A C G T 
01 13 1 3 3
02 0 1 0 19
03 20 0 0 0
04 0 19 0 1
05 1 0 0 19
06 1 0 0 19
07 19 0 1 0
XX
//
AC MA0125.1
XX
NA Nobox
XX
P0 A C G T 
01 0 1 0 37
02 36 0 0 2
03 38 0 0 0
04 1 1 2 34
05 2 0 4 32
06 15 0 22 1
07 4 12 18 4
08 2 13 6 17
XX
//
AC MA0130.1
XX
NA ZNF354C
XX
P0 A C G T 
01 7 6 3 0
02 3 2 0 11
03 0 16 0 0
04 0 16 0 0
05 16 0 0 0
06 0 15 1 0
XX
//
AC MA0131.1
XX
NA HINFP
XX
P0 A C G T 
01 2 6 5 7
02 13 1 0 6
03 20 0 0 0
04 2 17 1 0
05 0 0 19 1
06 0 1 0 19
07 0 19 0 1
08 0 18 2 0
09 0 0 19 1
10 2 13 1 4
XX
//
AC MA0132.1
XX
NA Pdx1
XX
P0 A C G T 
01 1 19 5 6
02 0 0 0 31
03 31 0 0 0
04 31 0 0 0
05 0 0 1 30
06 1 1 10 19
XX
//
AC MA0133.1
XX
NA BRCA1
XX
P0 A C G T 
01 15 11 10 7
02 4 35 2 2
03 41 1 1 0
04 36 2 4 1
05 7 29 6 1
06 19 14 7 3
07 3 22 15 3
XX
//
AC MA0135.1
XX
NA Lhx3
XX
P0 A C G T 
01 9 0 3 8
02 16 2 2 0
03 19 0 0 1
04 0 0 0 20
05 0 0 0 20
06 19 0 0 1
07 20 0 0 0
08 2 2 0 16
09 0 1 0 19
10 16 1 0 3
11 9 0 3 8
12 2 8 0 10
13 2 9 3 6
XX
//
AC MA0136.1
XX
NA ELF5
XX
P0 A C G T 
01 12 9 3 20
02 29 3 7 5
03 2 20 5 17
04 14 0 1 29
05 0 1 0 43
06 0 44 0 0
07 0 44 0 0
08 4 3 11 26
09 4 8 11 21
XX
//
AC MA0139.1
XX
NA CTCF
XX
P0 A C G T 
01 87 291 76 459
02 167 145 414 187
03 281 49 449 134
04 56 800 21 36
05 8 903 0 2
06 744 13 65 91
07 40 528 334 11
08 107 433 48 324
09 851 11 32 18
10 5 0 903 3
11 333 3 566 9
12 54 12 504 341
13 12 0 890 8
14 56 8 775 71
15 104 733 5 67
16 372 13 507 17
17 82 482 307 37
18 117 322 73 396
19 402 181 266 59
XX
//
AC MA0142.1
XX
NA Pou5f1::Sox2
XX
P0 A C G T 
01 63 846 66 389
02 579 58 28 701
03 11 50 36 1270
04 47 12 79 1231
05 118 363 825 63
06 415 18 29 907
07 206 365 186 612
08 1235 30 24 80
09 17 5 15 1332
10 10 16 1239 104
11 14 1029 129 196
12 1050 16 30 269
13 887 68 315 92
14 1200 33 75 53
15 198 119 207 837
XX
//
AC MA0149.1
XX
NA EWSR1-FLI1
XX
P0 A C G T 
01 0 0 105 0
02 2 0 103 0
03 104 0 1 0
04 104 0 1 0
05 1 0 104 0
06 2 0 102 1
07 103 0 2 0
08 102 0 3 0
09 0 0 104 1
10 0 2 103 0
11 99 4 2 0
12 105 0 0 0
13 0 0 105 0
14 0 2 103 0
15 100 3 0 2
16 102 0 2 1
17 5 0 97 3
18 3 3 97 2
XX
//
AC MA0062.2
XX
NA GABPA
XX
P0 A C G T 
01 32 768 188 1
02 70 914 4 1
03 0 0 990 1
04 0 0 991 0
05 991 1 1 0
06 989 2 0 2
07 94 32 866 0
08 56 261 37 637
09 154 137 603 96
10 264 262 415 49
11 233 357 224 176
XX
//
AC MA0039.2
XX
NA Klf4
XX
P0 A C G T 
01 1468 81 1022 1765
02 88 9 4237 6
03 14 13 4304 13
04 14 36 4281 16
05 277 1922 11 2139
06 22 15 4273 34
07 42 80 2179 2042
08 264 46 3902 125
09 123 130 3789 289
10 254 2858 280 932
XX
//
AC MA0138.2
XX
NA REST
XX
P0 A C G T 
01 211 174 366 840
02 58 269 146 1124
03 76 1366 50 105
04 1452 30 94 26
05 34 44 1516 10
06 122 978 323 182
07 1575 7 12 12
08 3 1586 12 5
09 35 1481 20 70
10 913 201 162 329
11 219 375 124 886
12 39 7 1551 7
13 20 5 1577 2
14 1406 112 34 51
15 13 1280 233 74
16 1574 9 7 10
17 42 13 1530 9
18 205 1007 183 198
19 366 31 688 507
20 213 933 319 125
21 179 1114 37 260
XX
//
AC MA0002.2
XX
NA RUNX1
XX
P0 A C G T 
01 287 496 696 521
02 234 485 467 814
03 123 1072 149 656
04 57 0 7 1936
05 0 75 1872 53
06 87 127 70 1716
07 0 0 1987 13
08 17 42 1848 93
09 10 400 251 1339
10 131 463 81 1325
11 500 158 289 1053
XX
//
AC MA0047.2
XX
NA Foxa2
XX
P0 A C G T 
01 1 1 1 805
02 221 3 582 3
03 1 1 1 806
04 1 3 36 769
05 1 1 175 634
06 736 4 67 3
07 2 725 2 81
08 338 77 3 391
09 50 265 58 436
10 417 6 24 360
11 131 53 482 140
12 129 195 290 189
XX
//
AC MA0112.2
XX
NA ESR1
XX
P0 A C G T 
01 122 120 154 71
02 107 80 164 117
03 64 173 149 82
04 83 229 65 93
05 134 232 47 57
06 308 28 89 48
07 36 8 387 43
08 19 18 420 18
09 33 41 91 310
10 4 394 53 24
11 398 13 27 37
12 58 250 107 60
13 63 276 53 83
14 64 258 97 56
15 32 19 8 416
16 21 22 426 6
17 305 106 31 33
18 10 436 12 17
19 59 353 2 61
20 26 165 22 262
XX
//
AC MA0065.2
XX
NA PPARG::RXRA
XX
P0 A C G T 
01 94 317 320 126
02 101 166 127 464
03 390 23 368 79
04 100 3 671 87
05 139 15 674 34
06 145 129 395 193
07 71 547 179 66
08 819 21 15 8
09 522 48 270 23
10 713 5 137 9
11 82 2 767 12
12 41 9 693 120
13 22 99 263 479
14 54 555 144 109
15 676 58 47 81
XX
//
AC MA0151.1
XX
NA ARID3A
XX
P0 A C G T 
01 27 0 0 0
02 0 0 0 27
03 1 9 0 17
04 27 0 0 0
05 27 0 0 0
06 20 0 1 6
XX
//
AC MA0152.1
XX
NA NFATC2
XX
P0 A C G T 
01 3 1 2 20
02 1 2 2 21
03 1 1 0 24
04 0 0 0 26
05 1 25 0 0
06 0 26 0 0
07 18 3 1 4
XX
//
AC MA0153.1
XX
NA HNF1B
XX
P0 A C G T 
01 0 3 0 6
02 0 3 0 6
03 8 1 0 0
04 7 1 1 0
05 0 0 0 9
06 5 0 4 0
07 3 0 1 5
08 0 0 1 8
09 0 0 0 9
10 8 0 1 0
11 9 0 0 0
12 0 8 0 1
XX
//
AC MA0155.1
XX
NA INSM1
XX
P0 A C G T 
01 1 0 4 19
02 0 0 20 4
03 0 8 3 13
04 6 15 0 3
05 16 0 0 8
06 0 0 24 0
07 0 1 23 0
08 0 0 24 0
09 0 0 24 0
10 0 2 16 6
11 3 16 0 5
12 10 0 12 2
XX
//
AC MA0156.1
XX
NA FEV
XX
P0 A C G T 
01 2 9 1 1
02 9 3 1 0
03 0 0 13 0
04 0 0 13 0
05 13 0 0 0
06 12 0 0 1
07 7 0 6 0
08 0 0 0 13
XX
//
AC MA0157.1
XX
NA FOXO3
XX
P0 A C G T 
01 0 0 5 8
02 1 2 10 0
03 3 0 1 9
04 13 0 0 0
05 12 1 0 0
06 13 0 0 0
07 0 12 0 1
08 12 0 0 1
XX
//
AC MA0158.1
XX
NA HOXA5
XX
P0 A C G T 
01 2 13 0 0
02 7 0 5 4
03 0 7 5 4
04 6 0 1 9
05 14 0 0 2
06 14 0 2 0
07 0 0 0 16
08 0 1 6 9
XX
//
AC MA0159.1
XX
NA RXR::RAR_DR5
XX
P0 A C G T 
01 12 0 11 0
02 0 0 23 0
03 1 0 13 9
04 0 0 1 22
05 0 18 3 2
06 22 0 1 0
07 4 7 5 7
08 5 8 9 1
09 5 4 11 3
10 13 1 7 2
11 5 6 12 0
12 17 3 3 0
13 1 1 20 1
14 0 1 16 6
15 2 1 3 17
16 1 17 3 2
17 21 0 1 1
XX
//
AC MA0160.1
XX
NA NR4A2
XX
P0 A C G T 
01 8 1 3 1
02 13 0 1 0
03 0 0 13 1
04 3 0 11 0
05 2 2 0 10
06 0 13 0 1
07 14 0 0 0
08 3 8 2 0
XX
//
AC MA0161.1
XX
NA NFIC
XX
P0 A C G T 
01 358 1832 176 4546
02 81 67 300 6464
03 81 67 6713 51
04 91 88 6643 90
05 1226 5364 160 162
06 3298 981 1186 1447
XX
//
AC MA0163.1
XX
NA PLAG1
XX
P0 A C G T 
01 0 0 18 0
02 3 0 14 1
03 0 0 18 0
04 0 0 17 1
05 0 14 4 0
06 0 15 1 2
07 4 10 1 3
08 12 0 0 6
09 11 5 2 0
10 2 0 14 2
11 0 0 18 0
12 0 0 18 0
13 0 0 16 2
14 2 0 16 0
XX
//
AC MA0164.1
XX
NA Nr2e3
XX
P0 A C G T 
01 4 12 2 5
02 23 0 0 0
03 23 0 0 0
04 0 1 22 0
05 0 23 0 0
06 0 0 0 23
07 0 0 0 23
XX
//
AC MA0018.2
XX
NA CREB1
XX
P0 A C G T 
01 0 1 1 9
02 0 1 10 0
03 11 0 0 0
04 0 9 2 0
05 1 0 10 0
06 0 3 0 8
07 2 7 1 1
08 8 0 1 2
XX
//
AC MA0099.2
XX
NA JUN::FOS
XX
P0 A C G T 
01 0 1 0 17
02 0 0 15 3
03 16 2 0 0
04 5 12 1 0
05 3 0 1 14
06 0 15 3 0
07 16 0 1 1
XX
//
AC MA0259.1
XX
NA HIF1A::ARNT
XX
P0 A C G T 
01 27 28 49 0
02 10 29 34 31
03 78 2 23 1
04 0 103 0 1
05 0 0 104 0
06 0 0 0 104
07 0 0 104 0
08 18 51 20 15
XX
//
AC MA0442.1
XX
NA SOX10
XX
P0 A C G T 
01 0 19 0 3
02 8 2 2 10
03 0 1 4 17
04 0 0 0 22
05 0 3 19 0
06 0 0 1 21
XX
//
AC MA0141.2
XX
NA Esrrb
XX
P0 A C G T 
01 1055 801 984 773
02 673 832 1352 767
03 403 1212 1212 807
04 260 1230 449 1702
05 312 2653 630 51
06 3347 32 248 27
07 3590 2 60 6
08 33 2 3597 29
09 12 11 3622 16
10 180 43 243 3192
11 9 3394 167 85
12 3478 21 128 26
XX
//
AC MA0145.2
XX
NA Tcfcp2l1
XX
P0 A C G T 
01 8 3768 255 40
02 285 3304 22 465
03 2437 21 1117 507
04 24 98 3949 12
05 710 1380 103 1890
06 402 1183 253 2246
07 707 1630 616 1134
08 1462 922 1026 681
09 2585 286 780 441
10 1612 212 1263 1003
11 16 3811 223 34
12 253 3324 12 491
13 2199 30 1232 612
14 49 118 3881 17
XX
//
AC MA0146.2
XX
NA Zfx
XX
P0 A C G T 
01 50 178 179 70
02 59 170 173 75
03 91 151 199 37
04 72 49 297 61
05 10 297 144 30
06 6 361 2 112
07 30 124 183 144
08 191 153 122 15
09 8 2 470 1
10 0 3 477 1
11 0 481 0 0
12 0 480 0 1
13 0 1 0 480
14 84 122 218 56
XX
//
AC MA0461.1
XX
NA Atoh1
XX
P0 A C G T 
01 0 7714 0 0
02 7714 0 0 0
03 0 0 7714 0
04 4249 3465 0 0
05 1557 0 0 6157
06 0 0 7714 0
07 0 0 7714 0
08 0 4780 0 2934
XX
//
AC MA0462.1
XX
NA BATF::JUN
XX
P0 A C G T 
01 3082 481 5136 1823
02 4782 553 2889 2298
03 4519 170 2219 3614
04 8258 1478 0 786
05 0 0 0 10522
06 0 0 10374 148
07 10522 0 0 0
08 586 5026 4910 0
09 0 0 0 10522
10 1291 8590 641 0
11 10264 0 0 258
XX
//
AC MA0463.1
XX
NA Bcl6
XX
P0 A C G T 
01 191 171 245 349
02 35 22 28 871
03 5 80 30 841
04 30 876 24 26
05 0 819 0 137
06 0 0 0 956
07 446 86 404 20
08 142 0 814 0
09 941 0 11 4
10 642 101 175 38
11 615 7 213 121
12 101 92 630 133
13 189 494 116 157
14 369 188 166 233
XX
//
AC MA0464.1
XX
NA Bhlhe40
XX
P0 A C G T 
01 1626 6868 6311 999
02 4869 524 3146 7265
03 0 15804 0 0
04 15804 0 0 0
05 0 14493 0 1311
06 2875 1107 11822 0
07 0 0 0 15804
08 0 0 15804 0
09 3859 11919 26 0
10 6629 4255 345 4575
11 2028 6293 3681 3802
XX
//
AC MA0465.1
XX
NA CDX2
XX
P0 A C G T 
01 613 319 480 185
02 665 8 502 422
03 308 136 1153 0
04 0 1048 0 549
05 697 832 0 68
06 1597 0 0 0
07 0 0 0 1597
08 1597 0 0 0
09 1597 0 0 0
10 1597 0 0 0
11 1013 150 313 121
XX
//
AC MA0466.1
XX
NA CEBPB
XX
P0 A C G T 
01 13006 10026 33617 42845
02 75198 5868 18428 0
03 0 0 0 99494
04 0 0 0 99494
05 4556 0 75531 19407
06 0 99494 0 0
07 74715 5478 10015 9286
08 8654 51954 0 38886
09 60151 39343 0 0
10 99494 0 0 0
11 0 36038 2043 61413
XX
//
AC MA0467.1
XX
NA Crx
XX
P0 A C G T 
01 1207 297 458 135
02 1454 43 417 183
03 347 55 1470 225
04 943 222 823 109
05 515 0 1574 8
06 0 0 2097 0
07 1632 465 0 0
08 0 0 0 2097
09 0 29 0 2068
10 1995 0 0 102
11 544 52 1326 175
XX
//
AC MA0468.1
XX
NA DUX4
XX
P0 A C G T 
01 7297 2495 979 27446
02 37001 0 1216 0
03 38217 0 0 0
04 5228 11675 2002 19312
05 0 16478 4981 16758
06 0 13951 6127 18139
07 35278 2889 0 50
08 38217 0 0 0
09 0 0 0 38217
10 0 37408 0 809
11 33798 0 0 4419
XX
//
AC MA0469.1
XX
NA E2F3
XX
P0 A C G T 
01 0 1400 0 1149
02 0 0 0 2549
03 0 2549 0 0
04 0 2469 80 0
05 0 2549 0 0
06 0 0 2240 309
07 0 2549 0 0
08 0 1703 607 239
09 365 1327 397 460
10 275 903 742 629
11 196 1495 556 302
12 811 329 512 274
13 109 1075 582 160
14 441 640 200 645
15 305 718 644 259
XX
//
AC MA0470.1
XX
NA E2F4
XX
P0 A C G T 
01 272 370 848 388
02 155 510 1213 0
03 0 11 1867 0
04 0 1878 0 0
05 0 0 1878 0
06 27 218 1633 0
07 15 41 1822 0
08 1803 0 75 0
09 1253 0 625 0
10 712 349 720 97
11 503 393 616 366
XX
//
AC MA0471.1
XX
NA E2F6
XX
P0 A C G T 
01 812 80 1406 459
02 442 406 1909 0
03 0 0 2757 0
04 672 1954 0 131
05 7 0 2750 0
06 0 0 2757 0
07 20 29 2708 0
08 2757 0 0 0
09 1686 0 1071 0
10 988 454 1135 180
11 771 706 909 371
XX
//
AC MA0472.1
XX
NA EGR2
XX
P0 A C G T 
01 169 572 291 214
02 337 460 180 269
03 168 572 216 290
04 387 722 65 72
05 26 1186 0 34
06 448 0 602 196
07 0 1246 0 0
08 152 1094 0 0
09 0 1169 0 77
10 1059 187 0 0
11 0 1246 0 0
12 460 0 579 207
13 0 1041 114 91
14 558 302 199 187
15 127 617 251 251
XX
//
AC MA0473.1
XX
NA ELF1
XX
P0 A C G T 
01 4134 2167 5587 1630
02 6990 1502 3563 1463
03 7978 1207 2318 2015
04 4086 4589 3111 1732
05 924 10007 2587 0
06 8929 4589 0 0
07 0 0 13518 0
08 0 0 13518 0
09 13518 0 0 0
10 13518 0 0 0
11 1183 0 12335 0
12 1571 2094 179 9674
13 2634 1735 8125 1024
XX
//
AC MA0474.1
XX
NA Erg
XX
P0 A C G T 
01 9430 231 5874 1192
02 1473 10483 4736 35
03 16007 693 27 0
04 0 0 16727 0
05 0 0 16727 0
06 16727 0 0 0
07 16580 0 0 147
08 3244 0 13483 0
09 1570 4038 2146 8973
10 4953 1498 8204 2072
11 4558 2474 8042 1653
XX
//
AC MA0475.1
XX
NA FLI1
XX
P0 A C G T 
01 1830 205 1432 200
02 295 2815 557 0
03 2712 955 0 0
04 0 0 3667 0
05 0 0 3667 0
06 3667 0 0 0
07 3520 0 0 147
08 620 0 3047 0
09 95 1001 300 2271
10 850 300 2130 387
11 1014 462 1875 316
XX
//
AC MA0476.1
XX
NA FOS
XX
P0 A C G T 
01 7879 712 9686 11119
02 7475 10177 10841 903
03 0 0 0 29396
04 0 0 27108 2288
05 29396 0 0 0
06 998 14079 11206 3113
07 0 0 0 29396
08 0 29396 0 0
09 29396 0 0 0
10 258 5823 1538 21777
11 4006 8236 7897 9257
XX
//
AC MA0477.1
XX
NA FOSL1
XX
P0 A C G T 
01 1791 119 2384 978
02 1568 437 3109 158
03 0 0 0 5272
04 0 0 5272 0
05 5272 0 0 0
06 124 3120 2028 0
07 0 0 0 5272
08 177 5095 0 0
09 5272 0 0 0
10 37 811 1734 2690
11 1184 1684 1875 529
XX
//
AC MA0478.1
XX
NA FOSL2
XX
P0 A C G T 
01 833 994 2086 1405
02 1525 592 2707 494
03 2861 55 2328 74
04 0 0 0 5318
05 0 0 5318 0
06 5075 51 192 0
07 0 3286 1838 194
08 0 0 0 5318
09 205 5113 0 0
10 5318 0 0 0
11 0 1399 1933 1986
XX
//
AC MA0479.1
XX
NA FOXH1
XX
P0 A C G T 
01 939 2840 1490 2942
02 1578 2333 2137 2163
03 973 3261 3156 821
04 8211 0 0 0
05 7547 0 229 435
06 0 0 0 8211
07 2374 5773 0 64
08 1414 6797 0 0
09 8211 0 0 0
10 0 8211 0 0
11 7138 0 0 1073
XX
//
AC MA0480.1
XX
NA Foxo1
XX
P0 A C G T 
01 468 277 478 1267
02 127 1279 752 332
03 87 1406 209 788
04 0 0 0 2490
05 0 0 2490 0
06 0 0 0 2490
07 0 0 0 2490
08 0 0 287 2203
09 1871 157 0 462
10 0 2007 0 483
11 1072 573 71 774
XX
//
AC MA0481.1
XX
NA FOXP1
XX
P0 A C G T 
01 103 108 48 52
02 131 57 55 68
03 155 39 40 77
04 180 42 53 36
05 138 6 88 79
06 79 11 221 0
07 71 4 0 236
08 311 0 0 0
09 311 0 0 0
10 311 0 0 0
11 16 278 10 7
12 311 0 0 0
13 176 77 57 1
14 243 18 23 27
15 102 42 129 38
XX
//
AC MA0482.1
XX
NA Gata4
XX
P0 A C G T 
01 10 1039 374 1323
02 0 2165 306 275
03 0 89 0 2657
04 0 0 0 2746
05 2707 39 0 0
06 0 0 0 2746
07 0 2746 0 0
08 547 0 0 2199
09 0 1240 940 566
10 601 1004 157 984
11 386 929 682 749
XX
//
AC MA0483.1
XX
NA Gfi1b
XX
P0 A C G T 
01 1124 438 104 95
02 1761 0 0 0
03 1759 0 2 0
04 0 338 28 1395
05 0 1761 0 0
06 1033 21 0 707
07 61 1312 388 0
08 1116 0 1 644
09 57 1 1676 27
10 142 1328 76 215
11 740 433 130 458
XX
//
AC MA0484.1
XX
NA HNF4G
XX
P0 A C G T 
01 3514 1864 2011 2063
02 3259 1531 3830 832
03 4696 102 3811 843
04 1103 201 7480 668
05 1944 713 3301 3494
06 1511 2870 2279 2792
07 0 8827 221 404
08 9343 55 54 0
09 7889 82 1481 0
10 8464 0 938 50
11 99 6 9098 249
12 324 143 3624 5361
13 225 4338 1107 3782
14 159 8377 85 831
15 6785 794 556 1317
XX
//
AC MA0485.1
XX
NA Hoxc9
XX
P0 A C G T 
01 235 110 401 139
02 112 171 536 66
03 88 605 40 152
04 224 468 1 192
05 661 3 205 16
06 0 9 0 876
07 745 84 35 21
08 881 0 0 4
09 879 6 0 0
10 18 0 0 867
11 48 715 5 117
12 567 72 6 240
13 141 329 160 255
XX
//
AC MA0486.1
XX
NA HSF1
XX
P0 A C G T 
01 25 82 56 62
02 8 26 12 179
03 3 11 8 203
04 1 222 2 0
05 4 71 6 144
06 128 7 89 1
07 0 0 225 0
08 187 24 3 11
09 186 6 15 18
10 44 63 73 45
11 39 62 67 57
12 13 16 9 187
13 8 5 4 208
14 0 218 2 5
15 6 88 18 113
XX
//
AC MA0488.1
XX
NA JUN
XX
P0 A C G T 
01 8141 2792 4894 5141
02 7116 2938 4985 5929
03 6496 1903 9682 2887
04 16526 729 3713 0
05 0 0 0 20968
06 0 0 20849 119
07 20967 0 0 1
08 0 3438 4512 13018
09 0 608 20360 0
10 938 3531 0 16499
11 6904 14064 0 0
12 20968 0 0 0
13 203 3704 1016 16045
XX
//
AC MA0489.1
XX
NA JUN
XX
P0 A C G T 
01 4852 1250 2818 2036
02 3927 1324 4110 1595
03 3726 1127 4330 1773
04 4396 1122 3461 1977
05 4146 593 4213 2004
06 5930 993 4033 0
07 0 0 0 10956
08 0 0 10956 0
09 10953 0 0 3
10 382 5704 4090 780
11 199 0 0 10757
12 956 10000 0 0
13 10956 0 0 0
14 376 2509 2645 5426
XX
//
AC MA0490.1
XX
NA JUNB
XX
P0 A C G T 
01 3605 3366 5983 4038
02 5055 1057 8427 2453
03 8384 582 8026 0
04 0 0 0 16992
05 0 0 16992 0
06 16992 0 0 0
07 0 9859 6281 852
08 0 0 0 16992
09 1256 15736 0 0
10 16992 0 0 0
11 736 2962 6117 7177
XX
//
AC MA0491.1
XX
NA JUND
XX
P0 A C G T 
01 12389 759 13640 11922
02 15163 4824 18723 0
03 0 0 0 38710
04 0 0 38710 0
05 38710 0 0 0
06 0 22857 14078 1775
07 0 0 0 38710
08 1547 37163 0 0
09 38710 0 0 0
10 0 5136 2301 31273
11 5786 14956 12429 5539
XX
//
AC MA0492.1
XX
NA JUND
XX
P0 A C G T 
01 11448 4326 7996 9861
02 13436 3228 8721 8246
03 11261 4836 8110 9424
04 13616 2452 15761 1802
05 25347 169 8115 0
06 0 0 0 33631
07 0 0 33511 120
08 33631 0 0 0
09 0 10406 8287 14938
10 5124 1824 26683 0
11 0 3935 0 29696
12 8793 24697 141 0
13 33631 0 0 0
14 267 5470 2407 25487
15 10255 10841 6351 6184
XX
//
AC MA0493.1
XX
NA Klf1
XX
P0 A C G T 
01 150 76 202 98
02 167 40 305 14
03 67 396 32 31
04 13 461 0 52
05 404 118 0 4
06 0 526 0 0
07 400 0 97 29
08 0 526 0 0
09 0 526 0 0
10 0 508 0 18
11 280 35 0 211
XX
//
AC MA0494.1
XX
NA Nr1h3::Rxra
XX
P0 A C G T 
01 0 50 28 1191
02 140 30 1089 10
03 738 243 137 151
04 246 971 0 52
05 58 1080 3 128
06 78 313 128 750
07 358 318 343 250
08 374 257 336 302
09 794 0 321 154
10 278 19 903 69
11 77 0 4 1188
12 559 77 440 193
13 900 177 192 0
14 255 962 20 32
15 117 1040 0 112
16 11 502 42 714
17 135 508 196 430
18 281 196 333 459
19 237 290 439 303
XX
//
AC MA0495.1
XX
NA MAFF
XX
P0 A C G T 
01 6531 12389 26849 7989
02 13157 29577 2157 8867
03 12632 10615 2570 27941
04 14736 6027 21695 11300
05 32728 4789 5877 10364
06 8513 16391 25722 3132
07 998 322 313 52125
08 3238 50520 0 0
09 53327 0 0 431
10 387 0 47337 6034
11 0 53701 0 57
12 48740 381 746 3891
13 20032 7624 9364 16738
14 21358 3349 2603 26448
15 18219 4014 1898 29627
16 14137 7157 3512 28952
17 10417 11010 8426 23905
18 12741 10791 9498 20728
XX
//
AC MA0496.1
XX
NA MAFK
XX
P0 A C G T 
01 17128 29664 4539 9459
02 15239 13278 3886 28387
03 17367 9271 21340 12812
04 34765 4862 8031 13132
05 10333 17432 29271 3754
06 0 261 0 60529
07 2669 58121 0 0
08 60790 0 0 0
09 0 0 55539 5251
10 0 60742 48 0
11 57894 430 0 2466
12 23471 9775 9853 17691
13 27164 3962 1268 28396
14 20865 5229 1575 33121
15 17282 9289 2699 31520
XX
//
AC MA0497.1
XX
NA MEF2C
XX
P0 A C G T 
01 705 321 676 507
02 733 151 573 752
03 431 196 822 760
04 382 1412 78 337
05 0 985 0 1224
06 1616 256 74 263
07 1706 32 241 230
08 2107 0 87 15
09 2131 0 2 76
10 2135 0 4 70
11 56 62 0 2091
12 2177 0 32 0
13 389 120 1671 29
14 975 836 148 250
15 1009 450 126 624
XX
//
AC MA0498.1
XX
NA Meis1
XX
P0 A C G T 
01 1341 122 499 645
02 171 759 1414 263
03 121 2411 3 72
04 0 0 0 2607
05 0 0 2607 0
06 85 50 0 2472
07 0 2607 0 0
08 2458 0 0 149
09 261 1115 1075 156
10 334 537 263 1473
11 175 1472 494 466
12 1059 547 145 856
13 515 802 696 594
14 472 1007 536 592
15 529 736 480 862
XX
//
AC MA0499.1
XX
NA Myod1
XX
P0 A C G T 
01 6862 5589 5003 7060
02 4142 6513 11000 2859
03 0 24514 0 0
04 24353 0 0 161
05 0 6423 18072 19
06 0 24514 0 0
07 0 0 0 24514
08 0 0 24514 0
09 9 9087 654 14764
10 16 11010 2905 10583
11 5861 7591 5945 5117
12 1913 11622 4319 6660
13 4129 7657 4423 8305
XX
//
AC MA0500.1
XX
NA Myog
XX
P0 A C G T 
01 7838 2870 8648 0
02 11572 331 7453 0
03 0 19356 0 0
04 19356 0 0 0
05 0 0 19356 0
06 67 16261 3028 0
07 0 0 0 19356
08 0 0 19356 0
09 2832 8524 5881 2119
10 5343 3764 5168 5081
11 4069 4770 7519 2998
XX
//
AC MA0501.1
XX
NA NFE2::MAF
XX
P0 A C G T 
01 726 26 334 4
02 0 0 0 1090
03 0 0 1082 8
04 1090 0 0 0
05 16 871 166 37
06 110 1 12 967
07 80 937 22 51
08 978 0 51 61
09 8 4 1041 37
10 0 1063 22 5
11 931 17 73 69
12 383 203 283 221
13 361 100 130 499
14 292 102 91 605
15 211 283 106 490
XX
//
AC MA0502.1
XX
NA NFYB
XX
P0 A C G T 
01 2965 1580 1984 491
02 2816 1759 1078 1367
03 2821 1760 1176 1263
04 655 2228 1089 3048
05 674 2076 2707 1563
06 2832 1091 2978 119
07 3509 139 2921 451
08 0 7020 0 0
09 0 7020 0 0
10 7020 0 0 0
11 7003 0 17 0
12 0 0 0 7020
13 413 4780 1709 118
14 5454 97 1457 12
15 725 943 5136 216
XX
//
AC MA0503.1
XX
NA Nkx2-5
XX
P0 A C G T 
01 1790 327 821 491
02 1282 192 1467 488
03 344 1777 1292 16
04 0 3429 0 0
05 2467 6 0 956
06 0 3429 0 0
07 0 0 0 3429
08 0 3391 0 38
09 2858 431 0 140
10 2265 3 825 336
11 502 956 1795 176
XX
//
AC MA0504.1
XX
NA NR2C2
XX
P0 A C G T 
01 129 126 90 50
02 82 70 221 22
03 193 6 195 1
04 0 8 366 21
05 10 3 355 27
06 3 0 79 313
07 6 309 54 26
08 343 0 48 4
09 187 0 208 0
10 324 0 71 0
11 10 0 385 0
12 11 0 336 48
13 0 27 89 279
14 9 315 35 36
15 290 0 92 13
XX
//
AC MA0505.1
XX
NA Nr5a2
XX
P0 A C G T 
01 645 224 634 199
02 985 170 336 211
03 276 198 990 238
04 122 378 366 836
05 71 351 23 1257
06 8 1616 74 4
07 1685 14 0 3
08 1679 0 23 0
09 39 0 1663 0
10 0 0 1702 0
11 169 584 61 888
12 0 1568 12 122
13 1437 20 90 155
14 271 345 740 346
15 249 693 454 306
XX
//
AC MA0506.1
XX
NA NRF1
XX
P0 A C G T 
01 602 375 3647 0
02 623 4001 0 0
03 196 189 4239 0
04 0 4016 468 140
05 1514 1862 935 313
06 0 403 528 3693
07 0 0 4624 0
08 0 4338 0 286
09 0 349 4275 0
10 74 4550 0 0
11 2245 804 1575 0
XX
//
AC MA0507.1
XX
NA POU2F2
XX
P0 A C G T 
01 415 635 402 835
02 530 266 593 898
03 605 825 415 442
04 2016 19 1 251
05 0 0 0 2287
06 256 2 0 2029
07 0 0 0 2287
08 158 0 1997 132
09 0 2271 0 16
10 2257 30 0 0
11 0 2 0 2285
12 1159 39 613 476
13 594 361 107 1225
XX
//
AC MA0508.1
XX
NA PRDM1
XX
P0 A C G T 
01 1779 471 1037 1316
02 1649 298 2331 325
03 3148 345 688 422
04 3486 439 442 236
05 4173 0 430 0
06 422 0 4038 143
07 728 110 930 2835
08 211 0 4392 0
09 4603 0 0 0
10 4161 0 430 12
11 4497 0 39 67
12 159 142 4186 116
13 117 458 520 3508
14 1057 498 2239 809
15 2042 778 973 810
XX
//
AC MA0509.1
XX
NA Rfx1
XX
P0 A C G T 
01 290 157 1532 159
02 58 222 377 1481
03 145 833 131 1029
04 421 433 762 522
05 37 1748 96 257
06 0 2048 0 90
07 1254 402 73 409
08 138 115 96 1789
09 604 0 1534 0
10 186 0 1952 0
11 287 1710 12 129
12 1793 0 244 101
13 2082 0 56 0
14 0 2138 0 0
XX
//
AC MA0510.1
XX
NA RFX5
XX
P0 A C G T 
01 343 1572 561 1392
02 595 796 862 1615
03 6 1870 1283 709
04 181 3687 0 0
05 1189 2171 61 447
06 0 832 0 3036
07 1844 1 2023 0
08 245 0 3514 109
09 0 2815 408 645
10 3057 497 314 0
11 3692 176 0 0
12 0 3868 0 0
13 2084 782 0 1002
14 956 361 2184 367
15 871 1388 1239 370
XX
//
AC MA0511.1
XX
NA RUNX2
XX
P0 A C G T 
01 99 133 443 387
02 165 119 444 334
03 151 79 426 406
04 121 172 477 292
05 124 155 245 538
06 75 392 133 462
07 9 4 11 1038
08 0 1 1030 31
09 15 3 0 1044
10 0 0 1062 0
11 0 0 1060 2
12 0 132 90 840
13 42 190 158 672
14 258 8 143 653
15 126 126 462 348
XX
//
AC MA0512.1
XX
NA Rxra
XX
P0 A C G T 
01 278 4521 305 244
02 4154 418 9 767
03 2623 252 2473 0
04 4877 0 471 0
05 0 0 5348 0
06 0 0 3882 1466
07 0 583 643 4122
08 0 5348 0 0
09 5348 0 0 0
10 1150 1070 2336 792
11 1640 742 1569 1397
XX
//
AC MA0513.1
XX
NA SMAD2::SMAD3::SMAD4
XX
P0 A C G T 
01 166 432 168 133
02 196 75 34 594
03 14 8 877 0
04 33 45 103 718
05 0 899 0 0
06 0 0 0 899
07 106 231 539 23
08 211 125 280 283
09 0 896 3 0
10 765 19 18 97
11 30 736 133 0
12 117 583 47 152
13 110 214 35 540
XX
//
AC MA0514.1
XX
NA Sox3
XX
P0 A C G T 
01 0 1487 330 250
02 0 1552 0 515
03 262 0 0 1805
04 0 0 0 2067
05 0 0 0 2067
06 0 144 1923 0
07 0 0 0 2067
08 0 698 254 1115
09 19 853 22 1173
10 42 654 382 989
XX
//
AC MA0515.1
XX
NA Sox6
XX
P0 A C G T 
01 4 139 50 56
02 0 221 0 28
03 161 0 0 88
04 0 0 0 249
05 0 0 0 249
06 0 0 249 0
07 0 0 0 249
08 0 115 5 129
09 4 112 0 133
10 14 76 31 128
XX
//
AC MA0516.1
XX
NA SP2
XX
P0 A C G T 
01 160 253 1028 245
02 39 811 257 579
03 52 1386 1 247
04 0 1679 7 0
05 0 1643 0 43
06 174 0 1280 232
07 0 1686 0 0
08 0 1656 0 30
09 0 1108 0 578
10 206 1196 0 284
11 115 971 99 501
12 187 554 325 620
13 226 717 401 342
14 228 794 408 256
15 203 745 422 316
XX
//
AC MA0517.1
XX
NA STAT2::STAT1
XX
P0 A C G T 
01 69 63 77 411
02 150 230 84 156
03 430 7 151 32
04 3 148 467 2
05 0 2 0 618
06 3 2 0 615
07 3 13 4 600
08 0 581 0 39
09 255 75 191 99
10 107 111 161 241
11 4 13 10 593
12 10 2 0 608
13 4 170 4 442
14 15 489 9 107
15 28 365 36 191
XX
//
AC MA0518.1
XX
NA Stat4
XX
P0 A C G T 
01 211 1019 484 1159
02 12 2 0 2859
03 26 0 529 2318
04 632 2229 12 0
05 307 1491 72 1003
06 1450 28 1223 172
07 733 0 2134 6
08 45 0 2828 0
09 2873 0 0 0
10 2873 0 0 0
11 1573 279 833 188
12 486 785 685 917
13 632 721 1028 492
14 889 443 1117 424
XX
//
AC MA0519.1
XX
NA Stat5a::Stat5b
XX
P0 A C G T 
01 6172 2326 4425 3584
02 2073 3596 2901 7937
03 0 0 0 16507
04 0 1600 0 14907
05 0 16341 0 166
06 263 12795 0 3449
07 7044 6137 0 3326
08 11543 0 4140 824
09 0 0 16507 0
10 14888 93 0 1526
11 14886 0 1621 0
XX
//
AC MA0520.1
XX
NA Stat6
XX
P0 A C G T 
01 257 663 482 450
02 665 328 372 487
03 152 566 436 698
04 0 0 0 1852
05 13 0 0 1839
06 122 1680 0 50
07 70 1204 0 578
08 664 21 219 948
09 328 534 898 92
10 1153 3 416 280
11 26 0 1796 30
12 1852 0 0 0
13 1849 0 3 0
14 621 540 398 293
15 345 490 235 782
XX
//
AC MA0521.1
XX
NA Tcf12
XX
P0 A C G T 
01 6170 1585 5123 17
02 8820 124 3951 0
03 0 12895 0 0
04 12895 0 0 0
05 8 0 12887 0
06 184 10822 1889 0
07 0 0 0 12895
08 0 0 12895 0
09 1875 5527 3811 1682
10 3912 2416 2925 3642
11 2863 3005 4836 2191
XX
//
AC MA0522.1
XX
NA Tcf3
XX
P0 A C G T 
01 2717 8489 4689 1366
02 8100 6433 1756 972
03 0 17261 0 0
04 17261 0 0 0
05 0 4101 12403 757
06 0 16850 411 0
07 0 0 0 17261
08 0 0 17261 0
09 0 12529 3397 1335
10 6957 4204 96 6004
11 2351 4115 6625 4170
XX
//
AC MA0523.1
XX
NA TCF7L2
XX
P0 A C G T 
01 1525 756 1140 767
02 1808 840 1153 387
03 3070 136 559 423
04 85 1947 2008 148
05 2795 26 0 1367
06 138 0 0 4050
07 155 3304 729 0
08 4188 0 0 0
09 4103 15 70 0
10 4169 0 19 0
11 303 37 3848 0
12 1035 849 2008 296
13 1398 1123 1210 457
14 1782 826 757 823
XX
//
AC MA0524.1
XX
NA TFAP2C
XX
P0 A C G T 
01 4801 6752 2123 4750
02 6477 4693 3347 3909
03 2550 4943 2643 8290
04 4918 2009 6098 5401
05 421 6040 11033 932
06 0 18426 0 0
07 0 14817 0 3609
08 0 9317 1237 7872
09 1082 14790 1768 786
10 16442 0 1195 789
11 191 0 18235 0
12 0 0 18426 0
13 285 7908 10222 11
14 4343 9235 1788 3060
15 8905 3259 2536 3726
XX
//
AC MA0525.1
XX
NA TP63
XX
P0 A C G T 
01 3613 1752 2372 1895
02 2402 1337 3599 2294
03 4027 544 3802 1259
04 19 9153 102 358
05 6536 1640 616 840
06 2926 255 1263 5188
07 82 0 9550 0
08 896 4400 74 4262
09 2058 4119 998 2457
10 437 7000 1417 778
11 5045 2050 208 2329
12 2812 989 4555 1276
13 4726 198 3530 1178
14 0 9632 0 0
15 5101 1856 66 2609
16 953 817 695 7167
17 225 0 9394 13
18 528 5454 213 3437
19 2379 4089 408 2756
20 1446 3775 1621 2790
XX
//
AC MA0526.1
XX
NA USF2
XX
P0 A C G T 
01 3976 2073 7125 645
02 1495 4490 1909 5925
03 0 13819 0 0
04 13819 0 0 0
05 0 4863 1370 7586
06 0 0 13819 0
07 0 0 0 13819
08 0 0 13819 0
09 10453 745 2568 53
10 0 9929 729 3161
11 2184 6633 455 4547
XX
//
AC MA0527.1
XX
NA ZBTB33
XX
P0 A C G T 
01 82 256 146 221
02 6 66 32 601
03 28 659 11 7
04 10 89 5 601
05 0 705 0 0
06 35 0 667 3
07 2 668 0 35
08 0 0 705 0
09 461 80 118 46
10 8 57 450 190
11 416 94 141 54
12 85 232 136 252
13 19 328 43 315
14 79 145 109 372
15 90 233 266 116
XX
//
AC MA0528.1
XX
NA ZNF263
XX
P0 A C G T 
01 2366 293 11078 1498
02 4596 0 10639 0
03 11118 0 2802 1315
04 453 0 13819 963
05 1011 1738 12444 42
06 13919 551 43 722
07 1569 844 11252 1570
08 1552 1427 11451 805
09 8113 968 5513 641
10 5132 1543 7042 1518
11 3096 1069 9471 1599
12 6598 590 6730 1317
13 4175 620 8903 1537
14 4106 1618 9042 469
15 7943 950 4780 1562
16 3823 1 9659 1752
17 3132 0 11444 659
18 8305 0 5892 1038
19 5226 219 8923 867
20 4067 650 9819 699
21 7264 907 6141 923
XX
//
AC MA0007.2
XX
NA AR
XX
P0 A C G T 
01 6277 1112 3049 768
02 6497 0 4709 0
03 0 0 11206 0
04 6462 1304 1254 2186
05 11206 0 0 0
06 26 11115 65 0
07 10426 0 107 673
08 1478 2976 4023 2729
09 4353 2096 2151 2606
10 3312 3249 3291 1354
11 3241 142 305 7518
12 0 525 10681 0
13 2214 1262 671 7059
14 2656 2434 2460 3656
15 1599 7032 298 2277
XX
//
AC MA0102.3
XX
NA CEBPA
XX
P0 A C G T 
01 10351 1332 3635 0
02 0 0 0 15318
03 0 0 0 15318
04 705 0 11304 3309
05 0 15318 0 0
06 11956 1274 1066 1022
07 2660 7654 0 5004
08 12226 3092 0 0
09 15318 0 0 0
10 0 5688 1804 7826
11 5804 4963 890 3661
XX
//
AC MA0024.2
XX
NA E2F1
XX
P0 A C G T 
01 259 317 280 203
02 218 0 628 213
03 144 274 641 0
04 0 0 1059 0
05 0 1059 0 0
06 0 0 1059 0
07 0 337 722 0
08 0 286 773 0
09 1059 0 0 0
10 508 0 551 0
11 305 269 485 0
XX
//
AC MA0154.2
XX
NA EBF1
XX
P0 A C G T 
01 4513 7097 12581 9664
02 0 10267 2643 20945
03 0 33855 0 0
04 886 22776 0 10193
05 0 33781 0 74
06 9191 22317 0 2347
07 21366 0 0 12489
08 1085 0 32770 0
09 8427 0 25294 134
10 0 0 33855 0
11 22124 2891 7215 1625
XX
//
AC MA0162.2
XX
NA EGR1
XX
P0 A C G T 
01 1098 5728 3083 2347
02 1506 6847 1359 2544
03 1160 6049 2250 2797
04 1335 10431 0 490
05 233 11574 0 449
06 2911 0 6840 2505
07 0 12256 0 0
08 0 11852 0 404
09 0 10154 611 1491
10 3652 8361 0 243
11 0 11952 0 304
12 2368 0 6599 3289
13 0 9849 1420 987
14 3026 5595 1913 1722
XX
//
AC MA0076.2
XX
NA ELK4
XX
P0 A C G T 
01 298 1458 886 785
02 391 1905 570 561
03 2034 145 1038 210
04 0 2688 16 723
05 8 0 0 3419
06 0 0 0 3427
07 0 3427 0 0
08 0 3427 0 0
09 0 0 2915 512
10 0 501 2843 83
11 290 1253 668 1216
XX
//
AC MA0258.2
XX
NA ESR2
XX
P0 A C G T 
01 5410 96 2563 174
02 429 0 7170 644
03 59 0 8143 41
04 74 147 989 7033
05 0 7621 533 89
06 8098 1 57 87
07 502 4202 2738 801
08 2092 3235 1688 1228
09 1808 2510 2173 1752
10 1602 975 533 5133
11 1121 398 6658 66
12 3278 2056 1391 1518
13 434 6469 363 977
14 1111 5854 0 1278
15 834 2708 606 4095
XX
//
AC MA0098.2
XX
NA Ets1
XX
P0 A C G T 
01 431 668 420 349
02 145 1160 244 319
03 263 993 187 425
04 1179 117 451 121
05 0 1507 4 357
06 329 0 0 1539
07 0 0 0 1868
08 0 1868 0 0
09 0 1868 0 0
10 0 0 156 1712
11 0 329 1422 117
12 65 579 62 1162
13 146 678 437 607
14 306 542 309 711
15 265 629 472 502
XX
//
AC MA0148.3
XX
NA FOXA1
XX
P0 A C G T 
01 4328 4827 4124 8729
02 4659 6851 4731 5767
03 3062 8558 5314 5074
04 7135 4317 3641 6915
05 70 0 12 21926
06 5883 0 16125 0
07 0 0 0 22008
08 0 0 1292 20716
09 0 0 2859 19149
10 18252 0 3756 0
11 0 20556 0 1452
12 9193 2655 0 10160
13 827 7296 1392 12493
14 10702 1 63 11242
15 4807 2603 9415 5183
XX
//
AC MA0035.3
XX
NA Gata1
XX
P0 A C G T 
01 2035 4321 2530 9069
02 506 6406 2792 8251
03 0 14869 437 2649
04 0 697 0 17258
05 0 0 0 17955
06 17955 0 0 0
07 0 0 0 17955
08 0 17955 0 0
09 2166 0 0 15789
10 2502 6166 6687 2600
11 1886 5072 1598 9399
XX
//
AC MA0036.2
XX
NA GATA2
XX
P0 A C G T 
01 1569 567 754 1490
02 1125 768 1709 778
03 1555 729 1220 876
04 1051 525 427 2377
05 32 1057 765 2526
06 9 3015 914 442
07 0 192 0 4188
08 51 0 0 4329
09 4380 0 0 0
10 0 0 0 4380
11 0 4380 0 0
12 1225 0 0 3155
13 104 1765 1967 544
14 1256 1185 224 1715
XX
//
AC MA0037.2
XX
NA GATA3
XX
P0 A C G T 
01 4628 0 0 0
02 0 0 4628 0
03 4628 0 0 0
04 0 0 0 4628
05 4628 0 0 0
06 4628 0 0 0
07 1290 0 3338 0
08 2796 712 1120 0
XX
//
AC MA0114.2
XX
NA HNF4A
XX
P0 A C G T 
01 2766 5971 3974 4057
02 1731 720 907 13410
03 837 51 15810 70
04 6075 1846 8370 477
05 11026 4425 329 988
06 117 16535 67 49
07 26 1630 0 15112
08 178 2637 367 13586
09 0 173 407 16188
10 864 35 15741 128
11 5270 3745 5340 2413
12 6119 5653 1662 3334
13 1156 13491 352 1769
14 1870 6498 415 7985
15 2070 6450 3001 5247
XX
//
AC MA0050.2
XX
NA IRF1
XX
P0 A C G T 
01 316 320 266 460
02 251 284 251 576
03 173 324 212 653
04 138 430 148 646
05 735 101 361 165
06 24 792 506 40
07 12 0 0 1350
08 0 31 0 1331
09 0 56 4 1302
10 0 1249 0 113
11 913 39 238 172
12 20 787 345 210
13 16 1 0 1345
14 7 14 5 1336
15 11 58 0 1293
16 17 1023 28 294
17 513 245 263 341
18 218 464 291 389
19 145 186 114 917
20 198 193 99 872
21 166 331 151 714
XX
//
AC MA0058.2
XX
NA MAX
XX
P0 A C G T 
01 12557 741 8243 3024
02 13557 1112 6781 3115
03 5014 3587 12571 3393
04 0 24565 0 0
05 24565 0 0 0
06 0 24565 0 0
07 19618 0 4947 0
08 0 0 0 24565
09 0 0 24565 0
10 122 2889 14194 7360
XX
//
AC MA0052.2
XX
NA MEF2A
XX
P0 A C G T 
01 481 148 379 465
02 169 149 625 530
03 116 1179 32 146
04 0 473 0 1000
05 1272 68 14 119
06 1008 0 119 346
07 1383 0 39 51
08 1352 5 0 116
09 1390 0 0 83
10 6 0 0 1467
11 1472 0 0 1
12 231 49 1160 33
13 587 632 112 142
14 530 409 110 424
15 345 449 203 476
XX
//
AC MA0100.2
XX
NA Myb
XX
P0 A C G T 
01 89 374 190 326
02 227 452 0 300
03 979 0 0 0
04 910 0 69 0
05 0 979 0 0
06 53 0 0 926
07 0 0 979 0
08 150 416 9 404
09 30 949 0 0
10 725 8 0 246
XX
//
AC MA0147.2
XX
NA Myc
XX
P0 A C G T 
01 1181 3650 504 0
02 0 5335 0 0
03 5335 0 0 0
04 0 2295 0 3040
05 0 0 5335 0
06 0 0 0 5335
07 0 0 5335 0
08 49 2297 2081 908
09 848 1087 556 2844
10 82 1877 801 2575
XX
//
AC MA0104.3
XX
NA Mycn
XX
P0 A C G T 
01 528 146 566 163
02 0 1135 268 0
03 0 1403 0 0
04 1403 0 0 0
05 0 1403 0 0
06 168 0 1235 0
07 0 0 0 1403
08 0 0 1403 0
XX
//
AC MA0150.2
XX
NA Nfe2l2
XX
P0 A C G T 
01 166 338 109 113
02 401 78 159 88
03 118 239 275 94
04 203 247 152 124
05 488 28 205 5
06 0 0 0 726
07 0 0 711 15
08 726 0 0 0
09 20 533 118 55
10 84 20 16 606
11 65 549 46 66
12 577 3 90 56
13 10 11 698 7
14 4 699 19 4
15 623 26 31 46
XX
//
AC MA0105.3
XX
NA NFKB1
XX
P0 A C G T 
01 570 319 2682 1541
02 55 0 5057 0
03 121 0 4902 89
04 3141 224 1635 112
05 2228 1204 812 868
06 0 0 0 5112
07 0 55 84 4973
08 0 1526 0 3586
09 0 4858 0 254
10 0 5026 0 86
11 1580 2395 269 868
XX
//
AC MA0060.2
XX
NA NFYA
XX
P0 A C G T 
01 4708 1515 983 1562
02 1187 987 4580 2014
03 3548 2256 2168 796
04 1203 2973 3978 614
05 1826 2344 313 4285
06 192 834 4788 2954
07 237 7384 481 666
08 16 993 242 7517
09 222 1018 7181 347
10 8555 2 150 61
11 5 52 8 8703
12 10 5 5 8748
13 29 10 8720 9
14 12 70 8683 3
15 377 2677 15 5699
16 460 3943 1873 2492
17 1537 4176 2227 828
18 4261 1136 2707 664
XX
//
AC MA0014.2
XX
NA PAX5
XX
P0 A C G T 
01 261 228 333 74
02 315 59 222 300
03 308 30 546 12
04 245 148 336 167
05 0 169 455 272
06 39 736 0 121
07 766 21 83 26
08 152 163 533 48
09 9 538 35 314
10 174 419 294 9
11 542 8 344 2
12 537 17 185 157
13 0 215 679 2
14 3 751 17 125
15 317 17 540 22
16 153 41 155 547
17 225 6 659 6
18 587 33 222 54
19 152 667 25 52
XX
//
AC MA0080.3
XX
NA Spi1
XX
P0 A C G T 
01 24957 10470 17557 10731
02 27071 7875 22021 6748
03 38966 3311 13786 7652
04 42251 3103 12032 6329
05 38682 534 11483 13016
06 12577 8120 43018 0
07 45356 3209 14683 467
08 4801 0 58914 0
09 0 0 63715 0
10 63665 0 50 0
11 63715 0 0 0
12 3436 10145 50134 0
13 8250 3223 3385 48857
14 3893 12038 45501 2283
15 21911 12028 21003 8773
XX
//
AC MA0143.3
XX
NA Sox2
XX
P0 A C G T 
01 0 1476 0 0
02 0 1476 0 0
03 669 0 0 807
04 0 0 0 1476
05 0 0 0 1476
06 0 0 1476 0
07 0 0 0 1476
08 0 419 297 760
XX
//
AC MA0079.3
XX
NA SP1
XX
P0 A C G T 
01 857 1786 4271 1820
02 0 6215 642 1877
03 99 6703 0 1932
04 0 8734 0 0
05 0 8661 0 73
06 1359 0 4624 2751
07 0 8734 0 0
08 0 8734 0 0
09 0 6679 0 2055
10 1054 6357 0 1323
11 652 4969 734 2379
XX
//
AC MA0083.2
XX
NA SRF
XX
P0 A C G T 
01 426 813 281 757
02 1017 446 331 483
03 515 285 206 1271
04 270 257 1000 750
05 477 681 533 586
06 49 2144 0 84
07 0 2105 0 172
08 1767 66 23 421
09 1184 0 73 1020
10 2226 0 16 35
11 590 120 16 1551
12 2048 12 51 166
13 1452 10 87 728
14 68 0 2209 0
15 15 7 2255 0
16 608 864 441 364
17 1353 504 230 190
18 1299 178 460 340
XX
//
AC MA0137.3
XX
NA STAT1
XX
P0 A C G T 
01 366 731 785 1747
02 0 52 0 3577
03 0 6 110 3513
04 361 3262 6 0
05 109 2009 0 1511
06 1739 0 1637 253
07 163 0 3466 0
08 29 7 3426 167
09 3620 0 9 0
10 3624 5 0 0
11 1879 311 725 714
XX
//
AC MA0144.2
XX
NA STAT3
XX
P0 A C G T 
01 1936 8571 3801 7312
02 708 0 0 20912
03 250 346 5850 15174
04 1006 19585 0 1029
05 840 7780 0 13000
06 3692 0 11456 6472
07 1574 0 20046 0
08 2532 0 18686 402
09 21620 0 0 0
10 21620 0 0 0
11 9311 962 6579 4768
XX
//
AC MA0140.2
XX
NA TAL1::GATA1
XX
P0 A C G T 
01 1114 2038 967 836
02 206 807 159 3783
03 318 0 0 4637
04 4955 0 0 0
05 0 0 0 4955
06 0 4955 0 0
07 2049 63 55 2788
08 658 1331 2214 752
09 963 1214 1244 1534
10 1191 1127 1520 1117
11 1778 1130 990 1057
12 1038 1237 1712 968
13 1352 1142 1466 995
14 1885 1033 820 1217
15 1381 1237 1884 453
16 110 4822 23 0
17 4659 0 0 296
18 160 890 3544 361
XX
//
AC MA0003.2
XX
NA TFAP2A
XX
P0 A C G T 
01 1387 1630 851 1230
02 2141 1060 792 1105
03 727 1506 884 1981
04 1517 519 985 2077
05 56 1199 3712 131
06 0 5098 0 0
07 0 4762 0 336
08 62 1736 85 3215
09 346 2729 1715 308
10 3738 236 920 204
11 460 0 4638 0
12 0 0 5098 0
13 116 1443 3455 84
14 451 3672 465 510
15 3146 690 168 1094
XX
//
AC MA0106.2
XX
NA TP53
XX
P0 A C G T 
01 736 0 469 26
02 3 1191 5 32
03 963 45 29 194
04 269 11 33 918
05 0 0 1231 0
06 73 597 0 561
07 175 818 47 191
08 80 919 52 180
09 810 162 87 172
10 337 45 790 59
11 837 0 377 17
12 0 1226 3 2
13 1013 26 12 180
14 178 43 25 985
15 36 6 1186 3
XX
//
AC MA0093.2
XX
NA USF1
XX
P0 A C G T 
01 4846 3764 7162 1070
02 1472 7448 2983 4939
03 43 16799 0 0
04 16573 0 0 269
05 188 10279 932 5443
06 1605 595 14642 0
07 0 0 0 16842
08 0 0 16842 0
09 14762 0 1375 705
10 0 13166 0 3676
11 1821 9926 1113 3982
XX
//
AC MA0095.2
XX
NA YY1
XX
P0 A C G T 
01 1126 4583 801 661
02 6975 0 181 15
03 6741 99 268 63
04 2506 1117 3282 266
05 7171 0 0 0
06 0 12 0 7159
07 11 0 7160 0
08 13 0 7158 0
09 812 5637 38 684
10 867 1681 2765 1858
11 899 875 4655 742
12 1332 4568 391 880
XX
//
AC MA0103.2
XX
NA ZEB1
XX
P0 A C G T 
01 856 1455 830 414
02 0 2991 0 564
03 1197 333 431 1594
04 0 3170 0 385
05 3555 0 0 0
06 0 3555 0 0
07 0 3555 0 0
08 0 0 0 3555
09 0 0 3555 0
XX
//
AC MA0591.1
XX
NA Bach1::Mafk
XX
P0 A C G T 
01 45 14 41 14
02 14 36 46 18
03 15 41 54 4
04 66 16 32 0
05 2 1 0 111
06 0 0 107 7
07 113 0 0 1
08 0 94 20 0
09 1 0 4 109
10 5 107 2 0
11 108 1 3 2
12 0 1 113 0
13 0 114 0 0
14 98 4 6 6
15 12 42 38 22
XX
//
AC MA0592.1
XX
NA ESRRA
XX
P0 A C G T 
01 17 118 11 62
02 18 174 15 1
03 200 2 6 0
04 198 0 10 0
05 0 0 203 5
06 0 0 207 1
07 6 0 22 180
08 0 205 3 0
09 197 1 10 0
10 23 108 44 33
11 70 54 40 44
XX
//
AC MA0593.1
XX
NA FOXP2
XX
P0 A C G T 
01 330 113 190 133
02 340 7 142 277
03 160 0 606 0
04 59 0 0 707
05 766 0 0 0
06 766 0 0 0
07 766 0 0 0
08 0 757 0 9
09 766 0 0 0
10 297 154 293 22
11 332 124 184 126
XX
//
AC MA0594.1
XX
NA Hoxa9
XX
P0 A C G T 
01 34 53 81 4
02 12 110 5 45
03 38 117 0 17
04 161 3 8 0
05 0 0 0 172
06 101 58 8 5
07 157 6 0 9
08 171 1 0 0
09 5 0 1 166
10 7 154 0 11
11 131 11 0 30
XX
//
AC MA0595.1
XX
NA SREBF1
XX
P0 A C G T 
01 28 14 16 0
02 0 0 0 58
03 0 58 0 0
04 58 0 0 0
05 0 51 7 0
06 6 38 13 1
07 0 44 0 14
08 2 45 11 0
09 58 0 0 0
10 0 26 7 25
XX
//
AC MA0596.1
XX
NA SREBF2
XX
P0 A C G T 
01 24 9 14 0
02 0 0 0 47
03 0 3 44 0
04 10 0 37 0
05 2 10 27 8
06 2 9 36 0
07 0 0 0 47
08 0 0 47 0
09 47 0 0 0
10 2 16 2 27
XX
//
AC MA0597.1
XX
NA THAP1
XX
P0 A C G T 
01 18 93 27 61
02 15 47 12 125
03 20 0 137 42
04 7 182 0 10
05 3 195 0 1
06 58 136 1 4
07 47 17 77 58
08 30 71 41 57
09 116 34 17 32
XX
//
AC MA0598.1
XX
NA EHF
XX
P0 A C G T 
01 703 724 0 0
02 0 1427 0 0
03 0 0 0 1427
04 0 0 0 1427
05 0 1427 0 0
06 0 1427 0 0
07 0 0 0 1427
08 0 707 720 0
XX
//
AC MA0599.1
XX
NA KLF5
XX
P0 A C G T 
01 1429 2023 7572 2587
02 0 11900 0 1711
03 0 12008 0 1603
04 3477 9569 0 565
05 0 13611 0 0
06 5051 0 5182 3378
07 0 13611 0 0
08 0 13611 0 0
09 0 13135 0 476
10 3915 5595 0 4101
XX
//
AC MA0600.1
XX
NA RFX2
XX
P0 A C G T 
01 373 141 1716 116
02 62 184 317 1783
03 192 736 64 1354
04 431 317 910 688
05 34 1936 121 255
06 1 2162 7 176
07 1567 432 41 306
08 164 222 94 1866
09 581 0 1765 0
10 193 5 2146 2
11 214 1932 0 200
12 2095 8 170 73
13 2312 0 28 6
14 0 2294 0 52
15 760 784 539 263
16 588 403 1178 177
17 406 831 733 376
18 585 630 761 370
19 620 668 678 380
XX
//
AC MA0113.2
XX
NA NR3C1
XX
P0 A C G T 
01 248 0 150 67
02 70 0 370 25
03 207 94 109 55
04 401 0 36 28
05 0 465 0 0
06 385 0 14 66
07 152 136 177 0
08 234 71 81 79
09 249 107 109 0
10 108 0 19 338
11 0 0 465 0
12 47 8 0 410
13 120 162 0 183
14 0 407 0 58
15 60 150 0 255
XX
//
