VV  JASPAR MATRIX TABLE, Release 5.0_ALPHA - public - 2014-11-19
XX
//
AC MA0265.1
XX
NA ABF1
XX
P0 A C G T 
01 11 41 4 44
02 0 99 0 1
03 0 0 99 0
04 0 0 0 99
05 41 17 22 20
06 22 24 26 28
07 39 16 28 17
08 34 18 20 28
09 40 21 24 15
10 41 0 57 0
11 12 25 9 55
12 0 0 81 19
13 92 8 0 0
14 0 45 9 46
15 37 22 18 23
16 34 18 14 34
XX
//
AC MA0266.1
XX
NA ABF2
XX
P0 A C G T 
01 18 39 25 18
02 9 9 2 80
03 0 100 0 0
04 0 0 0 100
05 100 0 0 0
06 0 0 100 0
07 95 2 2 2
XX
//
AC MA0267.1
XX
NA ACE2
XX
P0 A C G T 
01 45 28 21 5
02 1 92 6 1
03 0 100 0 0
04 90 10 0 0
05 0 0 100 0
06 0 100 0 0
07 49 20 17 14
XX
//
AC MA0268.1
XX
NA ADR1
XX
P0 A C G T 
01 41 24 13 22
02 0 100 0 0
03 0 85 0 15
04 0 100 0 0
05 0 100 0 0
06 64 6 20 10
07 34 51 6 9
XX
//
AC MA0269.1
XX
NA AFT1
XX
P0 A C G T 
01 106 205 231 456
02 155 249 220 374
03 362 197 221 218
04 179 396 222 200
05 426 231 154 187
06 136 78 142 641
07 716 25 31 226
08 145 31 288 535
09 34 47 39 878
10 160 10 812 16
11 10 966 11 10
12 961 9 15 14
13 8 972 9 10
14 25 955 2 16
15 19 740 13 225
16 181 257 494 65
17 265 252 241 240
18 287 155 183 373
19 276 180 68 474
20 123 225 357 292
21 154 236 458 150
XX
//
AC MA0270.1
XX
NA AFT2
XX
P0 A C G T 
01 8 45 27 20
02 70 0 30 0
03 0 100 0 0
04 100 0 0 0
05 0 100 0 0
06 0 100 0 0
07 0 100 0 0
08 9 42 27 21
XX
//
AC MA0271.1
XX
NA ARG80
XX
P0 A C G T 
01 89 0 0 69
02 0 0 301 0
03 161 0 0 0
04 0 301 0 0
05 44 0 79 69
06 0 256 0 20
XX
//
AC MA0272.1
XX
NA ARG81
XX
P0 A C G T 
01 59 12 83 44
02 6 0 4 154
03 20 0 239 0
04 169 0 0 0
05 0 271 0 1
06 1 0 0 164
07 0 279 0 0
08 59 59 4 64
XX
//
AC MA0273.1
XX
NA ARO80
XX
P0 A C G T 
01 102 155 531 210
02 330 193 301 174
03 126 232 317 323
04 407 253 203 136
05 390 193 229 186
06 310 198 135 355
07 83 154 336 426
08 40 744 30 185
09 5 231 8 753
10 5 987 1 5
11 1 22 975 1
12 1 5 990 2
13 15 359 295 329
14 670 4 6 318
15 690 68 60 181
16 105 222 372 299
17 269 119 193 418
18 353 210 205 230
19 257 217 178 347
20 236 103 349 310
21 278 252 170 298
XX
//
AC MA0274.1
XX
NA ARR1
XX
P0 A C G T 
01 160 0 0 0
02 24 75 29 73
03 30 70 0 87
04 0 0 0 161
05 73 0 161 0
06 129 41 12 0
07 137 0 29 3
08 11 0 24 129
XX
//
AC MA0275.1
XX
NA ASG1
XX
P0 A C G T 
01 0 76 0 24
02 0 100 0 0
03 0 0 100 0
04 0 0 100 0
05 72 11 16 0
06 53 0 0 47
XX
//
AC MA0276.1
XX
NA ASH1
XX
P0 A C G T 
01 0 220 8 35
02 0 291 0 3
03 61 21 133 10
04 58 54 101 12
05 130 0 54 0
06 0 11 8 147
07 33 150 8 35
08 80 0 92 26
09 0 8 249 19
10 0 0 256 18
XX
//
AC MA0277.1
XX
NA AZF1
XX
P0 A C G T 
01 63 13 13 13
02 100 0 0 0
03 100 0 0 0
04 88 13 0 0
05 75 0 25 0
06 0 0 100 0
07 78 16 3 3
08 81 6 6 6
09 63 13 13 13
XX
//
AC MA0278.1
XX
NA BAS1
XX
P0 A C G T 
01 64 217 425 292
02 104 552 150 192
03 484 111 114 288
04 78 401 186 333
05 455 51 370 122
06 248 34 670 46
07 98 724 143 33
08 52 918 7 20
09 348 346 280 24
10 12 3 977 6
11 966 5 23 4
12 26 6 962 4
13 9 10 4 975
14 47 930 7 15
15 892 42 16 49
16 487 123 320 68
17 288 140 317 254
18 373 110 81 434
19 178 367 184 268
20 402 140 341 114
21 435 229 241 94
XX
//
AC MA0279.1
XX
NA CAD1
XX
P0 A C G T 
01 2056 100 98 0
02 97 0 0 2095
03 0 0 0 2154
04 1889 98 0 172
05 602 213 1464 0
06 0 0 0 2154
07 1947 206 0 0
08 2154 0 0 0
09 0 0 1416 798
10 0 2088 0 97
XX
//
AC MA0280.1
XX
NA CAT8
XX
P0 A C G T 
01 0 100 0 0
02 0 100 0 0
03 0 0 100 0
04 0 0 100 0
05 66 13 21 0
06 32 18 28 22
XX
//
AC MA0281.1
XX
NA CBF1
XX
P0 A C G T 
01 19 8 53 19
02 3 92 3 3
03 100 0 0 0
04 0 100 0 0
05 0 0 100 0
06 0 0 0 100
07 0 0 100 0
08 72 17 6 6
XX
//
AC MA0282.1
XX
NA CEP3
XX
P0 A C G T 
01 4 56 4 36
02 0 0 0 100
03 0 100 0 0
04 0 0 100 0
05 0 0 100 0
06 91 1 1 7
07 92 3 3 3
08 42 21 21 16
XX
//
AC MA0283.1
XX
NA CHA4
XX
P0 A C G T 
01 22 5 68 5
02 0 0 100 0
03 0 100 0 0
04 0 0 100 0
05 0 0 100 0
06 71 0 28 0
07 22 1 76 1
08 48 10 10 31
XX
//
AC MA0284.1
XX
NA CIN5
XX
P0 A C G T 
01 0 0 9 91
02 13 7 23 56
03 100 0 0 0
04 11 54 5 31
05 20 16 57 7
06 0 0 0 100
07 91 9 0 0
08 100 0 0 0
09 2 14 38 47
10 15 70 8 7
XX
//
AC MA0285.1
XX
NA CRZ1
XX
P0 A C G T 
01 20 48 18 14
02 28 22 17 32
03 37 30 22 11
04 63 36 1 1
05 0 0 100 0
06 0 100 0 0
07 0 99 0 0
08 42 30 7 21
09 7 76 8 8
XX
//
AC MA0286.1
XX
NA CST6
XX
P0 A C G T 
01 47 11 32 11
02 1 1 1 96
03 1 1 91 7
04 100 0 0 0
05 0 100 0 0
06 5 0 95 0
07 0 0 0 100
08 45 28 8 18
09 46 14 20 20
XX
//
AC MA0287.1
XX
NA CUP2
XX
P0 A C G T 
01 0 7 0 2
02 9 0 0 0
03 0 0 9 0
04 2 7 0 0
05 6 0 3 0
06 4 1 4 0
07 9 0 0 0
08 9 0 0 0
09 7 0 2 0
10 4 0 0 5
11 2 0 7 0
XX
//
AC MA0288.1
XX
NA CUP9
XX
P0 A C G T 
01 7 10 3 79
02 0 0 100 0
03 84 0 9 7
04 1 99 0 0
05 91 0 9 0
06 0 64 9 27
07 75 15 0 10
08 40 0 0 60
09 39 13 3 45
XX
//
AC MA0289.1
XX
NA DAL80
XX
P0 A C G T 
01 11 67 6 17
02 0 0 100 0
03 100 0 0 0
04 0 0 0 100
05 100 0 0 0
06 90 1 1 7
07 3 19 75 3
XX
//
AC MA0290.1
XX
NA DAL81
XX
P0 A C G T 
01 203 0 0 0
02 203 0 0 0
03 203 0 0 0
04 203 0 0 0
05 0 0 203 0
06 0 203 0 0
07 0 203 0 0
08 0 0 203 0
09 0 203 0 0
10 0 0 203 0
11 0 0 203 0
12 0 0 203 0
13 0 203 0 0
14 0 0 203 0
15 0 0 203 0
16 0 0 203 0
17 203 0 0 0
18 0 0 0 203
19 0 0 0 203
XX
//
AC MA0291.1
XX
NA DAL82
XX
P0 A C G T 
01 56 14 14 14
02 53 11 5 32
03 39 3 3 55
04 26 11 42 21
05 0 26 0 74
06 0 0 100 0
07 0 100 0 0
08 0 0 100 0
09 11 68 11 11
XX
//
AC MA0292.1
XX
NA ECM22
XX
P0 A C G T 
01 28 36 7 28
02 14 7 7 71
03 0 100 0 0
04 0 100 0 0
05 0 14 86 0
06 0 0 86 14
07 93 0 7 0
XX
//
AC MA0293.1
XX
NA ECM23
XX
P0 A C G T 
01 31 25 23 21
02 33 25 22 20
03 72 11 10 7
04 10 2 86 2
05 100 0 0 0
06 3 0 0 97
07 1 90 3 7
08 14 19 14 53
09 30 23 21 26
10 32 25 25 19
11 30 26 22 21
XX
//
AC MA0294.1
XX
NA EDS1
XX
P0 A C G T 
01 14 52 14 19
02 0 0 100 0
03 0 0 100 0
04 100 0 0 0
05 76 0 0 24
06 48 24 10 19
07 100 0 0 0
08 82 1 1 15
09 15 20 11 54
XX
//
AC MA0295.1
XX
NA FHL1
XX
P0 A C G T 
01 0 10 90 0
02 100 0 0 0
03 0 100 0 0
04 0 0 100 0
05 0 100 0 0
06 90 0 0 10
07 48 28 18 8
08 55 15 15 15
XX
//
AC MA0296.1
XX
NA FKH1
XX
P0 A C G T 
01 177 287 207 326
02 247 192 334 225
03 520 84 98 297
04 526 76 129 267
05 365 73 150 411
06 119 146 133 600
07 146 4 847 1
08 7 3 0 987
09 959 37 0 1
10 977 11 1 9
11 990 1 2 5
12 1 925 1 71
13 990 1 3 4
14 874 39 16 69
15 671 49 70 208
16 248 191 407 152
17 374 158 296 170
18 284 184 330 200
19 205 116 452 225
20 421 192 248 137
XX
//
AC MA0297.1
XX
NA FKH2
XX
P0 A C G T 
01 13 0 88 0
02 0 0 0 100
03 100 0 0 0
04 100 0 0 0
05 100 0 0 0
06 0 100 0 0
07 100 0 0 0
XX
//
AC MA0298.1
XX
NA FZF1
XX
P0 A C G T 
01 0 1 0 0
02 0 0 0 1
03 1 0 0 0
04 0 0 0 1
05 0 1 0 0
06 1 0 0 0
XX
//
AC MA0299.1
XX
NA GAL4
XX
P0 A C G T 
01 0 2779 0 0
02 0 0 2779 0
03 0 438 2273 97
04 778 655 927 717
05 292 1137 1151 498
06 1019 810 1002 390
07 2339 0 538 98
08 567 1296 810 194
09 1913 335 0 737
10 659 592 1744 204
11 96 767 494 1786
12 1170 517 1105 404
13 0 1437 729 824
14 235 392 419 2001
15 0 2779 0 0
XX
//
AC MA0300.1
XX
NA GAT1
XX
P0 A C G T 
01 13 44 19 25
02 17 42 5 36
03 0 0 100 0
04 100 0 0 0
05 0 0 0 100
06 100 0 0 0
07 100 0 0 0
08 3 9 84 3
XX
//
AC MA0301.1
XX
NA GAT3
XX
P0 A C G T 
01 65 9 20 6
02 8 2 88 1
03 92 0 0 8
04 12 0 1 87
05 3 94 1 2
06 6 27 4 63
07 51 19 18 12
08 28 33 21 17
09 32 25 21 21
XX
//
AC MA0302.1
XX
NA GAT4
XX
P0 A C G T 
01 36 21 24 20
02 31 26 18 26
03 80 4 12 4
04 3 0 96 0
05 98 0 0 2
06 0 0 0 99
07 0 99 0 0
08 5 28 3 64
09 40 20 23 17
10 28 26 23 22
11 33 24 21 21
XX
//
AC MA0303.1
XX
NA GCN4
XX
P0 A C G T 
01 218 295 245 240
02 371 217 268 142
03 362 213 150 273
04 282 119 325 272
05 275 177 316 230
06 169 140 365 325
07 535 35 413 15
08 11 8 6 973
09 2 5 934 57
10 968 13 4 13
11 2 433 562 1
12 13 4 13 968
13 57 934 5 2
14 973 6 8 11
15 15 413 35 535
16 376 290 131 202
17 207 354 194 244
18 284 216 202 296
19 226 234 177 361
20 254 329 232 183
21 337 169 195 297
XX
//
AC MA0304.1
XX
NA GCR1
XX
P0 A C G T 
01 719 31 77 1822
02 0 142 2318 0
03 0 22 2438 0
04 2460 0 0 0
05 2157 10 0 294
06 9 13 2326 121
07 553 1703 0 240
08 0 1932 15 651
XX
//
AC MA0305.1
XX
NA GCR2
XX
P0 A C G T 
01 33 33 149 16
02 0 279 0 0
03 11 0 1 152
04 0 0 0 169
05 0 260 0 8
06 0 269 1 0
07 61 52 6 64
XX
//
AC MA0306.1
XX
NA GIS1
XX
P0 A C G T 
01 41 22 12 25
02 0 97 0 3
03 0 100 0 0
04 0 100 0 0
05 0 87 0 13
06 0 0 0 100
07 49 4 15 32
08 46 11 16 27
09 32 19 18 30
XX
//
AC MA0307.1
XX
NA GLN3
XX
P0 A C G T 
01 0 0 100 0
02 100 0 0 0
03 0 0 0 100
04 74 0 0 26
05 61 0 27 12
XX
//
AC MA0308.1
XX
NA GSM1
XX
P0 A C G T 
01 322 207 190 279
02 160 172 229 438
03 219 289 168 322
04 461 124 184 229
05 349 201 233 216
06 342 144 281 231
07 566 22 17 393
08 849 9 20 120
09 400 164 182 252
10 3 916 10 69
11 4 177 38 778
12 3 985 1 9
13 0 972 25 0
14 0 30 967 1
15 136 4 849 9
16 708 60 197 32
17 289 183 438 87
18 164 172 205 458
19 373 101 232 292
20 225 168 299 306
21 322 212 195 268
XX
//
AC MA0309.1
XX
NA GZF3
XX
P0 A C G T 
01 18 39 2 41
02 0 0 100 0
03 100 0 0 0
04 0 0 0 100
05 100 0 0 0
06 73 9 0 18
07 4 38 59 0
08 39 18 27 16
XX
//
AC MA0310.1
XX
NA HAC1
XX
P0 A C G T 
01 24 6 56 15
02 68 32 0 0
03 0 100 0 0
04 100 0 0 0
05 0 100 0 0
06 0 0 100 0
07 0 0 0 100
08 27 18 41 14
XX
//
AC MA0311.1
XX
NA HAL9
XX
P0 A C G T 
01 0 99 0 0
02 0 0 99 0
03 0 0 99 0
04 99 0 0 0
05 62 0 37 0
XX
//
AC MA0312.1
XX
NA HAP1
XX
P0 A C G T 
01 0 100 0 0
02 0 0 100 0
03 0 0 100 0
04 89 0 11 0
05 5 26 53 16
06 51 4 4 41
07 4 4 4 88
08 57 11 11 21
XX
//
AC MA0313.1
XX
NA HAP2
XX
P0 A C G T 
01 0 0 0 3939
02 0 0 40 3897
03 22 0 3922 0
04 0 0 3932 7
05 675 1619 131 1847
XX
//
AC MA0314.1
XX
NA HAP3
XX
P0 A C G T 
01 0 516 537 1779
02 370 2074 298 326
03 0 461 0 2379
04 98 897 1473 484
05 2737 0 0 0
06 0 0 0 2737
07 0 0 0 2737
08 0 0 2737 0
09 0 0 2737 0
10 0 1480 0 1549
11 97 1169 405 1258
12 809 1175 1038 98
13 1458 265 918 339
14 1087 266 1351 339
15 1582 602 296 665
XX
//
AC MA0315.1
XX
NA HAP4
XX
P0 A C G T 
01 75 32 58 31
02 0 264 3 1
03 6 260 0 0
04 166 0 0 0
05 168 0 0 0
06 0 16 0 158
07 9 182 31 23
08 152 0 10 4
09 66 22 109 16
10 66 50 55 31
11 38 55 66 49
12 43 57 63 45
13 35 86 54 40
14 35 63 82 37
15 75 47 43 31
XX
//
AC MA0316.1
XX
NA HAP5
XX
P0 A C G T 
01 641 935 1033 1789
02 200 1914 2108 97
03 113 1513 2485 433
04 826 1137 2155 453
05 1817 1451 440 1002
06 127 637 1273 2389
07 98 3199 677 624
08 0 700 0 3713
09 537 1308 1904 793
10 4156 0 0 0
11 0 0 0 4156
12 0 0 234 3922
13 387 0 3788 0
14 361 497 3123 262
15 0 1730 0 2808
XX
//
AC MA0317.1
XX
NA HCM1
XX
P0 A C G T 
01 51 16 25 8
02 27 8 4 61
03 67 32 1 1
04 95 5 0 0
05 100 0 0 0
06 1 86 0 13
07 95 2 2 2
08 57 17 11 14
XX
//
AC MA0318.1
XX
NA HMRA2
XX
P0 A C G T 
01 6 67 6 21
02 54 0 46 0
03 4 0 0 96
04 0 0 100 0
05 0 0 0 100
06 93 0 0 7
07 88 2 2 9
08 40 8 8 44
XX
//
AC MA0319.1
XX
NA HSF1
XX
P0 A C G T 
01 69 13 13 6
02 2 2 2 95
03 19 0 81 0
04 0 0 100 0
05 100 0 0 0
06 100 0 0 0
07 6 56 19 19
08 48 11 23 17
XX
//
AC MA0320.1
XX
NA IME1
XX
P0 A C G T 
01 0 301 0 0
02 0 232 61 0
03 0 0 301 0
04 0 301 0 0
05 0 189 75 15
06 0 0 301 0
07 161 0 0 0
08 16 0 266 0
XX
//
AC MA0321.1
XX
NA INO2
XX
P0 A C G T 
01 18 29 198 4
02 0 275 0 0
03 155 7 0 4
04 0 25 0 150
05 7 0 258 0
06 8 0 11 147
07 0 34 241 0
08 141 16 23 0
09 134 2 5 24
XX
//
AC MA0322.1
XX
NA INO4
XX
P0 A C G T 
01 29 46 162 5
02 0 236 0 19
03 138 14 0 17
04 0 0 0 168
05 10 0 256 0
06 0 0 0 167
07 17 0 241 0
08 146 7 23 0
09 142 7 26 0
XX
//
AC MA0323.1
XX
NA IXR1
XX
P0 A C G T 
01 161 0 0 0
02 121 0 0 37
03 68 0 112 28
04 28 228 0 6
05 59 187 0 0
06 59 0 187 0
07 28 0 169 37
08 121 0 71 0
09 121 0 0 37
10 0 0 301 0
11 0 301 0 0
12 28 0 244 0
13 6 0 285 0
14 0 0 112 99
15 0 0 244 28
XX
//
AC MA0324.1
XX
NA LEU3
XX
P0 A C G T 
01 0 100 0 0
02 0 100 0 0
03 0 0 56 43
04 20 0 35 45
05 26 34 0 41
06 47 12 16 25
07 0 61 39 0
08 0 100 0 0
09 0 0 100 0
10 0 32 68 0
XX
//
AC MA0325.1
XX
NA LYS14
XX
P0 A C G T 
01 21 49 21 10
02 4 82 10 4
03 0 0 100 0
04 0 0 100 0
05 100 0 0 0
06 100 0 0 0
07 6 0 0 94
08 13 13 7 68
XX
//
AC MA0326.1
XX
NA MAC1
XX
P0 A C G T 
01 108 0 0 1632
02 89 0 219 1451
03 0 0 0 1714
04 115 0 1599 0
05 0 1714 0 0
06 0 0 0 1714
07 0 1714 0 0
08 958 0 655 113
XX
//
AC MA0327.1
XX
NA MATA1
XX
P0 A C G T 
01 101 0 101 0
02 0 203 0 0
03 203 0 0 0
04 0 203 0 0
05 203 0 0 0
06 203 0 0 0
07 0 0 0 203
XX
//
AC MA0328.1
XX
NA MATALPHA2
XX
P0 A C G T 
01 0 10 0 1
02 9 0 2 0
03 0 0 0 11
04 0 0 11 0
05 0 0 0 11
06 10 0 0 1
07 9 1 0 1
08 4 0 0 7
09 0 0 0 11
XX
//
AC MA0329.1
XX
NA MBP1
XX
P0 A C G T 
01 55 10 18 17
02 0 100 0 0
03 15 0 85 0
04 0 88 0 12
05 0 2 98 0
06 35 17 9 39
07 33 30 18 18
XX
//
AC MA0330.1
XX
NA MBP1::SWI6
XX
P0 A C G T 
01 15153 0 405 6881
02 82 21942 101 179
03 45 182 21983 23
04 31 19078 188 3065
05 59 182 21982 21
06 726 1491 1506 18880
07 365 9107 882 13437
XX
//
AC MA0331.1
XX
NA MCM1
XX
P0 A C G T 
01 1692 11356 405 368
02 97 12733 0 971
03 3002 5897 3023 4309
04 6037 2220 3432 3681
05 7789 195 642 5363
06 936 237 0 12586
07 1175 3860 542 9116
08 6619 1176 5947 1957
09 612 32 13102 0
10 117 134 13351 16
11 10592 966 319 2201
12 12477 399 350 475
XX
//
AC MA0332.1
XX
NA MET28
XX
P0 A C G T 
01 0 203 0 0
02 0 0 0 203
03 0 0 203 0
04 0 0 0 203
05 0 0 203 0
06 0 0 203 0
XX
//
AC MA0333.1
XX
NA MET31
XX
P0 A C G T 
01 38 10 38 15
02 20 28 30 20
03 14 14 18 55
04 0 0 100 0
05 0 0 0 100
06 0 0 100 0
07 0 0 100 0
08 0 100 0 0
09 10 0 69 20
XX
//
AC MA0334.1
XX
NA MET32
XX
P0 A C G T 
01 34 46 10 10
02 11 5 77 7
03 0 99 0 0
04 0 100 0 0
05 93 3 0 3
06 0 99 0 1
07 64 15 12 9
XX
//
AC MA0335.1
XX
NA MET4
XX
P0 A C G T 
01 161 0 0 0
02 106 47 48 0
03 0 199 0 51
04 0 0 0 161
05 0 0 301 0
06 0 0 0 161
07 0 0 301 0
08 0 0 301 0
XX
//
AC MA0336.1
XX
NA MGA1
XX
P0 A C G T 
01 384 91 206 317
02 305 124 376 194
03 240 268 318 172
04 367 171 306 154
05 252 280 194 273
06 116 204 230 448
07 787 3 198 11
08 192 110 166 531
09 701 197 98 2
10 5 2 989 2
11 990 2 3 2
12 990 2 2 5
13 12 815 15 156
14 844 39 82 32
15 68 505 70 355
16 203 180 195 419
17 301 353 84 260
18 291 268 97 342
19 441 70 229 257
20 440 168 105 285
21 342 295 216 144
XX
//
AC MA0337.1
XX
NA MIG1
XX
P0 A C G T 
01 32 35 15 18
02 1 97 1 1
03 0 100 0 0
04 0 100 0 0
05 0 100 0 0
06 46 3 50 1
07 5 57 30 7
XX
//
AC MA0338.1
XX
NA MIG2
XX
P0 A C G T 
01 1 96 2 1
02 0 100 0 0
03 0 100 0 0
04 0 100 0 0
05 36 11 52 1
06 5 77 13 6
07 36 24 24 15
XX
//
AC MA0339.1
XX
NA MIG3
XX
P0 A C G T 
01 1 98 1 1
02 0 94 0 6
03 0 100 0 0
04 0 100 0 0
05 41 2 55 1
06 5 69 17 9
07 41 22 23 14
XX
//
AC MA0340.1
XX
NA MOT3
XX
P0 A C G T 
01 67 67 0 67
02 203 0 0 0
03 0 0 203 0
04 0 0 203 0
05 0 101 0 101
06 203 0 0 0
XX
//
AC MA0341.1
XX
NA MSN2
XX
P0 A C G T 
01 60 7 32 0
02 0 0 100 0
03 0 0 100 0
04 0 0 100 0
05 0 0 100 0
XX
//
AC MA0342.1
XX
NA MSN4
XX
P0 A C G T 
01 83 0 16 0
02 0 0 99 0
03 0 0 99 0
04 0 0 99 0
05 0 0 99 1
XX
//
AC MA0343.1
XX
NA NDT80
XX
P0 A C G T 
01 289 282 118 309
02 197 276 160 364
03 169 213 172 443
04 215 403 140 239
05 201 430 176 191
06 99 114 495 290
07 188 20 675 116
08 444 483 41 30
09 12 948 4 34
10 940 7 45 6
11 18 967 6 6
12 965 4 9 20
13 970 5 15 8
14 945 3 14 37
15 713 24 236 24
16 496 178 82 241
17 123 630 95 149
18 127 329 440 102
19 314 330 277 78
20 360 177 230 231
21 477 192 174 154
XX
//
AC MA0344.1
XX
NA NHP10
XX
P0 A C G T 
01 20 10 60 10
02 8 78 8 8
03 0 100 0 0
04 0 0 100 0
05 0 0 100 0
06 0 0 100 0
07 0 0 100 0
08 68 8 18 8
XX
//
AC MA0345.1
XX
NA NHP6A
XX
P0 A C G T 
01 306 279 214 200
02 242 217 83 456
03 236 153 311 298
04 380 212 151 255
05 285 333 99 281
06 104 516 49 329
07 339 130 71 458
08 491 250 64 193
09 114 24 6 855
10 903 10 26 58
11 126 29 8 835
12 847 16 43 92
13 57 42 28 871
14 746 16 20 216
15 650 30 153 166
16 377 136 137 348
17 375 138 138 346
18 416 111 172 299
19 286 154 124 434
20 313 147 314 224
21 329 289 96 284
XX
//
AC MA0346.1
XX
NA NHP6B
XX
P0 A C G T 
01 182 304 99 414
02 217 225 216 341
03 135 108 107 647
04 376 208 77 336
05 195 316 111 376
06 154 317 143 384
07 393 69 26 510
08 578 89 51 279
09 169 65 16 749
10 807 32 67 92
11 92 67 32 807
12 749 16 65 169
13 279 51 89 578
14 510 26 69 393
15 461 96 121 320
16 372 106 111 409
17 465 84 336 113
18 202 160 302 334
19 287 120 339 252
20 287 257 252 202
XX
//
AC MA0347.1
XX
NA NRG1
XX
P0 A C G T 
01 181 404 143 271
02 243 225 199 332
03 293 250 278 177
04 259 239 262 238
05 419 112 269 198
06 213 255 92 439
07 455 488 9 46
08 960 3 36 0
09 2 1 991 4
10 2 1 993 2
11 11 0 986 1
12 71 11 2 915
13 4 928 2 63
14 3 820 3 173
15 503 87 39 369
16 245 202 239 311
17 124 303 269 302
18 224 67 548 159
19 206 400 228 163
20 325 171 233 269
XX
//
AC MA0348.1
XX
NA OAF1
XX
P0 A C G T 
01 11 32 11 46
02 0 100 0 0
03 0 0 100 0
04 0 0 100 0
05 56 0 43 0
06 7 0 86 7
07 68 4 4 25
08 14 7 7 71
09 56 14 14 14
XX
//
AC MA0349.1
XX
NA OPI1
XX
P0 A C G T 
01 34 109 42 34
02 0 0 279 0
03 166 2 0 0
04 169 0 0 0
05 0 268 0 0
06 0 273 0 0
07 59 58 88 12
XX
//
AC MA0350.1
XX
NA TOD6
XX
P0 A C G T 
01 362 188 218 230
02 144 213 369 273
03 101 261 370 266
04 239 327 206 226
05 369 116 235 278
06 212 366 133 288
07 649 50 96 203
08 67 396 436 98
09 20 784 193 1
10 2 29 46 921
11 2 991 2 3
12 975 0 1 21
13 1 1 18 978
14 0 978 1 18
15 52 19 869 57
16 135 655 186 22
17 181 300 383 135
18 232 282 109 376
19 187 280 111 421
20 306 213 172 308
21 201 150 320 327
XX
//
AC MA0351.1
XX
NA DOT6
XX
P0 A C G T 
01 278 135 231 354
02 194 250 266 289
03 156 332 223 287
04 131 249 268 351
05 239 85 400 273
06 141 480 145 232
07 516 59 138 285
08 79 420 392 107
09 29 770 197 3
10 6 52 83 858
11 1 990 4 2
12 972 0 1 25
13 1 0 27 969
14 0 968 1 28
15 36 9 876 78
16 223 575 177 22
17 280 265 252 202
18 188 298 72 441
19 163 435 208 192
20 153 371 183 290
21 185 149 202 462
XX
//
AC MA0352.1
XX
NA PDR1
XX
P0 A C G T 
01 8 28 15 48
02 0 100 0 0
03 0 100 0 0
04 13 0 87 0
05 2 88 8 2
06 8 2 88 2
07 10 3 83 3
08 62 8 22 8
XX
//
AC MA0353.1
XX
NA PDR3
XX
P0 A C G T 
01 0 0 0 203
02 0 203 0 0
03 0 203 0 0
04 0 0 203 0
05 0 203 0 0
06 0 0 203 0
07 0 0 203 0
08 203 0 0 0
XX
//
AC MA0354.1
XX
NA PDR8
XX
P0 A C G T 
01 38 15 38 8
02 0 100 0 0
03 0 0 100 0
04 0 0 100 0
05 100 0 0 0
06 8 8 85 0
07 100 0 0 0
08 13 6 6 75
XX
//
AC MA0355.1
XX
NA PHD1
XX
P0 A C G T 
01 36 27 19 18
02 9 43 39 8
03 37 44 15 3
04 0 10 0 89
05 0 0 99 0
06 0 99 0 1
07 91 1 7 1
08 8 22 36 34
09 22 42 22 14
10 32 28 21 19
XX
//
AC MA0356.1
XX
NA PHO2
XX
P0 A C G T 
01 52 0 8 41
02 12 0 0 88
03 100 0 0 0
04 56 0 0 44
05 23 0 0 77
06 63 0 0 37
XX
//
AC MA0357.1
XX
NA PHO4
XX
P0 A C G T 
01 94 393 507 4
02 97 900 0 1
03 967 1 28 2
04 0 911 1 85
05 85 1 911 0
06 2 28 1 967
07 1 0 900 97
08 4 507 393 94
XX
//
AC MA0358.1
XX
NA PUT3
XX
P0 A C G T 
01 9 72 9 9
02 2 90 2 6
03 0 100 0 0
04 0 0 100 0
05 0 0 100 0
06 0 0 100 0
07 52 15 19 15
08 46 13 17 25
XX
//
AC MA0359.1
XX
NA RAP1
XX
P0 A C G T 
01 18 69 12 1
02 98 0 0 1
03 1 75 0 23
04 1 97 1 1
05 1 90 0 9
06 71 0 27 2
07 17 11 8 65
08 72 0 14 14
09 1 98 0 1
10 86 13 0 1
XX
//
AC MA0360.1
XX
NA RDR1
XX
P0 A C G T 
01 25 11 11 54
02 0 0 100 0
03 0 100 0 0
04 0 0 100 0
05 0 0 100 0
06 100 0 0 0
07 86 0 0 14
08 27 48 13 13
XX
//
AC MA0361.1
XX
NA RDS1
XX
P0 A C G T 
01 1 91 1 7
02 0 11 89 0
03 0 0 100 0
04 0 84 16 0
05 0 95 5 0
06 0 11 89 0
07 32 32 32 5
XX
//
AC MA0362.1
XX
NA RDS2
XX
P0 A C G T 
01 34 39 18 8
02 0 0 0 100
03 0 100 0 0
04 0 0 100 0
05 0 0 100 0
06 12 1 86 1
07 17 7 70 7
XX
//
AC MA0363.1
XX
NA REB1
XX
P0 A C G T 
01 30 10 50 10
02 0 0 0 100
03 0 0 0 100
04 100 0 0 0
05 0 100 0 0
06 0 100 0 0
07 0 100 0 0
08 0 0 60 40
09 15 15 55 15
XX
//
AC MA0364.1
XX
NA REI1
XX
P0 A C G T 
01 0 95 0 5
02 5 95 0 0
03 0 100 0 0
04 0 100 0 0
05 0 0 0 100
06 0 0 95 5
07 56 8 23 13
XX
//
AC MA0365.1
XX
NA RFX1
XX
P0 A C G T 
01 12 27 42 19
02 0 0 100 0
03 0 0 0 100
04 0 0 0 100
05 31 0 69 0
06 0 100 0 0
07 2 48 2 48
08 88 4 4 4
XX
//
AC MA0366.1
XX
NA RGM1
XX
P0 A C G T 
01 100 0 0 0
02 0 0 100 0
03 0 0 100 0
04 0 0 100 0
05 11 12 77 0
XX
//
AC MA0367.1
XX
NA RGT1
XX
P0 A C G T 
01 42 13 23 22
02 34 10 34 22
03 37 0 0 63
04 22 2 0 77
05 27 15 17 41
06 30 18 4 48
07 0 12 0 88
08 0 100 0 0
09 0 100 0 0
10 4 0 89 8
11 32 13 33 22
XX
//
AC MA0368.1
XX
NA RIM101
XX
P0 A C G T 
01 9 43 9 39
02 0 0 100 0
03 0 100 0 0
04 0 100 0 0
05 100 0 0 0
06 100 0 0 0
07 0 0 100 0
XX
//
AC MA0369.1
XX
NA RLM1
XX
P0 A C G T 
01 10 10 10 8
02 14 2 16 10
03 11 0 1 30
04 0 0 5 37
05 0 42 0 0
06 0 0 0 42
07 42 0 0 0
08 16 0 0 26
09 22 0 0 20
10 23 0 0 19
11 32 0 0 10
12 0 0 0 42
13 42 0 0 0
14 0 0 42 0
15 27 14 0 1
16 4 15 2 20
17 7 16 3 16
18 10 13 10 7
XX
//
AC MA0370.1
XX
NA RME1
XX
P0 A C G T 
01 0 52 0 131
02 16 96 33 69
03 16 100 49 58
04 160 0 0 0
05 119 0 27 22
06 139 29 0 2
07 27 0 244 0
08 34 0 229 0
09 92 39 35 22
10 126 0 19 18
XX
//
AC MA0371.1
XX
NA ROX1
XX
P0 A C G T 
01 0 4 0 4
02 0 6 0 2
03 2 4 0 2
04 7 1 0 0
05 0 0 0 8
06 0 0 1 7
07 0 0 8 0
08 0 0 0 8
09 0 0 0 8
10 0 5 1 2
11 1 0 1 6
12 0 5 2 1
XX
//
AC MA0372.1
XX
NA RPH1
XX
P0 A C G T 
01 53 14 14 19
02 0 100 0 0
03 0 100 0 0
04 0 100 0 0
05 0 100 0 0
06 0 0 0 100
07 63 1 7 28
08 74 7 7 13
XX
//
AC MA0373.1
XX
NA RPN4
XX
P0 A C G T 
01 23 0 67 9
02 0 0 100 0
03 0 0 12 88
04 0 0 100 0
05 0 0 100 0
06 0 100 0 0
07 13 0 87 0
XX
//
AC MA0374.1
XX
NA RSC3
XX
P0 A C G T 
01 0 91 5 4
02 0 0 99 0
03 0 99 0 0
04 0 0 99 0
05 6 55 18 20
06 19 30 37 14
07 23 26 34 18
XX
//
AC MA0375.1
XX
NA RSC30
XX
P0 A C G T 
01 19 50 19 12
02 15 38 46 0
03 0 92 8 0
04 0 8 92 0
05 0 92 8 0
06 0 0 100 0
07 0 85 15 0
08 0 31 69 0
XX
//
AC MA0376.1
XX
NA RTG3
XX
P0 A C G T 
01 393 145 330 130
02 220 147 267 364
03 357 322 207 112
04 164 176 295 363
05 156 121 250 472
06 534 113 203 148
07 34 27 662 275
08 19 953 19 7
09 905 5 81 7
10 5 949 16 28
11 28 16 949 5
12 7 81 5 905
13 7 19 953 19
14 275 662 27 34
15 152 332 156 358
16 111 270 187 430
17 398 122 276 202
18 275 257 296 171
19 323 165 33 477
20 249 396 108 245
XX
//
AC MA0377.1
XX
NA SFL1
XX
P0 A C G T 
01 272 183 130 414
02 368 262 124 244
03 281 244 332 141
04 382 256 117 244
05 314 98 349 237
06 368 221 198 212
07 727 30 124 118
08 127 178 108 586
09 506 261 226 6
10 18 10 960 10
11 956 16 5 21
12 959 9 21 9
13 22 47 806 123
14 616 129 218 36
15 596 134 36 232
16 535 221 48 194
17 256 156 146 440
18 492 96 217 193
19 431 67 99 401
20 369 123 146 360
21 409 121 72 395
XX
//
AC MA0378.1
XX
NA SFP1
XX
P0 A C G T 
01 427 159 161 250
02 202 293 194 309
03 289 174 192 343
04 250 217 293 238
05 353 77 297 271
06 533 42 342 82
07 782 73 71 73
08 898 36 46 18
09 904 9 50 35
10 855 14 42 86
11 541 34 16 408
12 86 42 14 855
13 35 50 9 904
14 18 46 36 898
15 73 71 73 782
16 126 405 91 376
17 82 354 103 459
18 327 201 165 306
19 115 428 154 301
20 217 83 374 324
21 216 169 405 208
XX
//
AC MA0379.1
XX
NA SIG1
XX
P0 A C G T 
01 93 2 0 5
02 0 0 0 99
03 99 0 0 0
04 0 0 0 99
05 99 0 0 0
XX
//
AC MA0380.1
XX
NA SIP4
XX
P0 A C G T 
01 8 48 13 32
02 0 27 0 73
03 0 99 0 1
04 0 100 0 0
05 0 0 100 0
06 23 0 63 14
07 57 16 25 0
XX
//
AC MA0381.1
XX
NA SKN7
XX
P0 A C G T 
01 0 0 100 0
02 0 0 100 0
03 0 100 0 0
04 0 84 16 0
05 49 15 37 0
06 21 18 28 32
XX
//
AC MA0382.1
XX
NA SKO1
XX
P0 A C G T 
01 957 0 0 0
02 0 957 0 0
03 100 0 897 0
04 0 0 0 957
05 957 0 0 0
06 592 0 0 364
07 0 0 0 957
08 0 0 957 0
XX
//
AC MA0383.1
XX
NA SMP1
XX
P0 A C G T 
01 111 244 235 409
02 189 188 265 356
03 569 97 137 196
04 85 554 158 201
05 179 623 47 149
06 130 147 85 637
07 408 128 112 350
08 97 234 33 634
09 750 125 46 77
10 865 18 18 97
11 97 18 18 865
12 77 46 125 750
13 634 33 234 97
14 495 41 60 402
15 637 85 147 130
16 197 262 146 393
17 174 275 271 279
18 525 104 101 269
19 156 290 455 97
20 249 381 201 168
21 336 172 229 261
XX
//
AC MA0384.1
XX
NA SNT2
XX
P0 A C G T 
01 0 89 313 2817
02 0 0 3136 0
03 1405 269 1721 0
04 0 0 0 3136
05 3120 0 35 0
06 7 0 3130 0
07 0 3136 0 0
08 0 0 3136 0
09 8 3072 75 0
10 168 2969 0 0
11 944 231 1666 589
XX
//
AC MA0385.1
XX
NA SOK2
XX
P0 A C G T 
01 50 19 16 16
02 15 49 18 18
03 41 47 9 3
04 4 1 4 91
05 4 1 94 1
06 4 91 1 4
07 97 1 1 1
08 5 5 50 40
09 17 21 52 10
10 28 32 22 18
11 30 23 23 23
XX
//
AC MA0386.1
XX
NA TBP
XX
P0 A C G T 
01 277 250 386 84
02 337 191 147 323
03 253 345 88 313
04 160 200 154 484
05 545 139 154 160
06 115 98 701 84
07 287 198 266 247
08 332 110 27 529
09 907 7 25 59
10 12 7 23 955
11 981 2 4 12
12 38 1 5 954
13 970 2 6 20
14 44 4 3 947
15 883 10 24 81
16 186 62 94 657
17 264 122 129 483
18 137 380 369 112
19 266 228 384 121
20 350 176 172 301
21 248 193 270 286
XX
//
AC MA0387.1
XX
NA SPT2
XX
P0 A C G T 
01 97 0 3 57
02 66 44 12 58
03 0 0 0 161
04 4 0 0 152
05 130 0 54 0
06 120 23 46 0
07 83 66 60 2
08 0 0 105 102
09 161 0 0 0
10 122 0 69 0
XX
//
AC MA0388.1
XX
NA SPT23
XX
P0 A C G T 
01 95 0 119 0
02 160 0 0 0
03 143 0 22 2
04 134 0 0 23
05 1 36 0 135
06 0 138 67 46
07 108 37 18 16
08 157 0 6 0
XX
//
AC MA0389.1
XX
NA SRD1
XX
P0 A C G T 
01 66 9 19 6
02 6 2 90 2
03 97 0 0 3
04 13 0 2 85
05 0 99 0 0
06 4 19 3 74
07 46 30 13 11
08 24 42 18 16
XX
//
AC MA0390.1
XX
NA STB3
XX
P0 A C G T 
01 98 168 546 185
02 166 173 202 457
03 182 415 57 343
04 194 379 107 318
05 507 59 189 243
06 547 120 151 181
07 776 35 71 116
08 499 27 33 440
09 99 11 2 886
10 53 5 1 939
11 10 4 2 982
12 13 0 15 970
13 0 64 20 915
14 3 990 2 4
15 965 7 25 2
16 150 587 84 177
17 129 120 137 613
18 166 326 200 306
19 308 253 125 312
20 233 170 315 280
21 226 182 296 293
XX
//
AC MA0391.1
XX
NA STB4
XX
P0 A C G T 
01 9 43 9 39
02 0 0 0 100
03 0 100 0 0
04 0 0 100 0
05 0 0 100 0
06 100 0 0 0
07 75 1 1 23
XX
//
AC MA0392.1
XX
NA STB5
XX
P0 A C G T 
01 0 99 0 0
02 0 0 99 0
03 0 0 99 0
04 23 19 26 32
05 23 23 47 8
06 19 25 12 45
07 6 12 6 76
08 96 1 1 1
XX
//
AC MA0393.1
XX
NA STE12
XX
P0 A C G T 
01 0 3261 96 25022
02 4297 0 24137 198
03 27122 0 1278 0
04 25290 167 2703 0
05 27887 0 0 0
06 98 27779 0 97
07 15301 3002 9387 2275
XX
//
AC MA0394.1
XX
NA STP1
XX
P0 A C G T 
01 4 82 33 87
02 49 0 192 0
03 0 279 0 0
04 0 0 266 4
05 12 0 255 0
06 0 279 0 0
07 4 0 119 87
08 4 94 70 57
XX
//
AC MA0395.1
XX
NA STP2
XX
P0 A C G T 
01 180 258 175 385
02 288 242 293 174
03 438 193 211 157
04 276 209 176 336
05 126 405 143 325
06 238 111 567 81
07 113 11 829 45
08 34 647 5 312
09 2 5 987 4
10 0 849 148 1
11 1 866 128 3
12 8 13 948 29
13 14 520 4 460
14 618 12 338 30
15 86 433 139 341
16 218 312 359 109
17 326 240 205 227
18 231 427 161 179
19 158 237 344 259
20 342 265 122 268
XX
//
AC MA0396.1
XX
NA STP3
XX
P0 A C G T 
01 25 9 48 18
02 18 42 21 19
03 0 0 0 100
04 100 0 0 0
05 0 0 100 0
06 0 100 0 0
07 0 0 100 0
08 0 64 18 18
09 45 17 19 20
XX
//
AC MA0397.1
XX
NA STP4
XX
P0 A C G T 
01 19 11 56 15
02 40 28 24 7
03 0 0 0 100
04 100 0 0 0
05 0 0 100 0
06 0 100 0 0
07 0 0 100 0
08 0 73 17 10
09 54 15 16 15
XX
//
AC MA0398.1
XX
NA SUM1
XX
P0 A C G T 
01 50 14 14 22
02 52 8 8 32
03 62 2 2 34
04 100 0 0 0
05 0 0 0 100
06 8 0 0 92
07 24 0 0 76
08 28 5 5 61
09 15 15 11 59
XX
//
AC MA0399.1
XX
NA SUT1
XX
P0 A C G T 
01 23 142 36 29
02 48 5 185 0
03 0 266 0 0
04 8 61 188 1
05 0 46 226 0
06 49 35 151 0
07 44 14 170 4
XX
//
AC MA0400.1
XX
NA SUT2
XX
P0 A C G T 
01 333 232 112 321
02 225 206 264 303
03 269 218 277 233
04 354 200 100 345
05 248 216 153 381
06 522 85 287 104
07 940 6 12 40
08 971 0 11 16
09 0 709 287 2
10 1 16 0 981
11 2 992 1 2
12 1 984 12 1
13 2 1 993 2
14 789 16 168 24
15 523 80 257 137
16 375 252 154 217
17 338 214 168 279
18 279 204 209 306
19 163 253 252 330
20 281 136 244 338
XX
//
AC MA0401.1
XX
NA SWI4
XX
P0 A C G T 
01 62 8 15 15
02 0 100 0 0
03 15 0 85 0
04 0 100 0 0
05 0 0 100 0
06 100 0 0 0
07 94 2 2 2
08 62 8 8 23
XX
//
AC MA0402.1
XX
NA SWI5
XX
P0 A C G T 
01 8 8 23 62
02 0 0 100 0
03 0 100 0 0
04 0 0 0 100
05 0 0 100 0
06 0 0 100 0
07 4 4 27 65
08 25 25 10 40
XX
//
AC MA0403.1
XX
NA TBF1
XX
P0 A C G T 
01 61 11 12 16
02 46 11 35 8
03 15 84 1 1
04 0 100 0 0
05 0 100 0 0
06 0 1 0 99
07 75 8 11 5
08 38 19 27 17
XX
//
AC MA0404.1
XX
NA TBS1
XX
P0 A C G T 
01 12 78 5 5
02 3 3 90 3
03 2 2 95 2
04 75 8 8 8
05 20 13 13 53
06 0 100 0 0
07 0 100 0 0
08 8 8 75 8
XX
//
AC MA0405.1
XX
NA TEA1
XX
P0 A C G T 
01 5 5 75 15
02 0 100 0 0
03 0 0 100 0
04 0 40 60 0
05 50 0 50 0
06 0 80 20 0
07 60 0 10 30
08 15 20 5 60
XX
//
AC MA0406.1
XX
NA TEC1
XX
P0 A C G T 
01 52 7 34 7
02 0 95 5 0
03 100 0 0 0
04 5 0 0 95
05 0 0 0 100
06 0 91 9 0
07 0 68 0 32
08 10 47 15 28
XX
//
AC MA0407.1
XX
NA THI2
XX
P0 A C G T 
01 103 0 1162 0
02 0 0 1265 0
03 680 573 0 61
04 1265 0 0 0
05 1265 0 0 0
06 0 1024 0 241
07 0 543 0 805
08 71 599 571 90
09 438 0 0 826
10 921 0 0 344
11 1265 0 0 0
12 0 0 1265 0
13 1265 0 0 0
14 813 0 451 0
15 129 1068 89 0
XX
//
AC MA0408.1
XX
NA TOS8
XX
P0 A C G T 
01 28 47 20 5
02 1 16 1 82
03 0 0 100 0
04 0 0 0 100
05 0 100 0 0
06 100 0 0 0
07 64 7 7 22
08 50 15 15 19
XX
//
AC MA0409.1
XX
NA TYE7
XX
P0 A C G T 
01 3 93 3 3
02 100 0 0 0
03 0 100 0 0
04 0 10 90 0
05 0 0 0 100
06 0 0 100 0
07 78 8 8 8
XX
//
AC MA0410.1
XX
NA UGA3
XX
P0 A C G T 
01 10 44 27 19
02 4 28 63 4
03 0 0 100 0
04 0 100 0 0
05 0 0 100 0
06 0 0 100 0
07 2 27 69 2
08 85 2 2 10
XX
//
AC MA0411.1
XX
NA UPC2
XX
P0 A C G T 
01 16 25 19 40
02 59 3 28 9
03 38 0 0 62
04 100 0 0 0
05 0 100 0 0
06 1 0 99 0
07 83 5 9 4
XX
//
AC MA0412.1
XX
NA UME6
XX
P0 A C G T 
01 2 0 0 16
02 0 10 5 3
03 2 0 16 0
04 0 0 18 0
05 0 18 0 0
06 0 0 18 0
07 0 0 18 0
08 0 17 0 1
09 1 0 0 17
10 18 0 0 0
11 10 1 0 7
12 7 2 1 8
13 2 0 1 15
XX
//
AC MA0413.1
XX
NA USV1
XX
P0 A C G T 
01 269 223 250 255
02 306 182 216 294
03 342 168 206 283
04 131 193 146 528
05 133 55 157 652
06 318 551 101 28
07 1 967 26 3
08 0 977 0 20
09 3 993 1 1
10 1 981 0 16
11 0 6 3 989
12 0 2 869 126
13 956 0 36 5
14 850 92 21 35
15 174 257 162 405
16 233 235 93 438
17 212 191 197 399
18 181 185 321 311
19 205 100 265 428
20 219 297 365 116
XX
//
AC MA0414.1
XX
NA XBP1
XX
P0 A C G T 
01 12 51 7 31
02 0 0 0 100
03 0 100 0 0
04 0 0 100 0
05 100 0 0 0
06 40 8 50 3
07 31 22 31 15
XX
//
AC MA0415.1
XX
NA YAP1
XX
P0 A C G T 
01 297 261 211 230
02 143 225 313 318
03 148 128 305 418
04 240 121 201 436
05 212 210 327 249
06 397 528 50 23
07 5 3 8 981
08 8 13 6 971
09 976 3 9 10
10 1 900 36 60
11 60 36 900 1
12 10 9 3 976
13 971 6 13 8
14 981 8 3 5
15 35 28 516 418
16 320 332 228 118
17 182 273 154 390
18 247 308 204 239
19 248 254 309 187
20 199 195 177 426
XX
//
AC MA0416.1
XX
NA YAP3
XX
P0 A C G T 
01 65 19 12 4
02 0 0 0 100
03 0 0 0 100
04 100 0 0 0
05 0 100 0 0
06 0 0 100 0
07 2 2 2 94
08 50 12 19 19
XX
//
AC MA0417.1
XX
NA YAP5
XX
P0 A C G T 
01 122 0 0 34
02 124 0 67 0
03 86 0 136 0
04 0 264 0 17
05 161 0 0 0
06 19 0 0 137
XX
//
AC MA0418.1
XX
NA YAP6
XX
P0 A C G T 
01 174 297 371 156
02 228 141 587 41
03 134 92 332 440
04 114 434 109 342
05 252 231 72 444
06 43 114 646 195
07 491 412 36 58
08 27 23 56 892
09 25 21 112 840
10 889 32 49 28
11 38 555 103 302
12 172 48 722 56
13 67 85 37 809
14 647 193 64 95
15 829 62 72 34
16 162 76 481 278
17 228 474 142 155
18 337 85 428 148
19 430 127 302 139
20 166 439 243 150
XX
//
AC MA0419.1
XX
NA YAP7
XX
P0 A C G T 
01 7195 2582 195 869
02 195 0 0 10410
03 0 0 2132 8375
04 10172 98 97 172
05 1260 1168 8333 0
06 0 97 0 10436
07 7781 2526 198 0
08 10507 0 0 0
09 98 0 6311 4323
10 2246 7759 509 394
11 6606 1126 2313 1229
XX
//
AC MA0420.1
XX
NA YBR239C
XX
P0 A C G T 
01 51 10 22 16
02 6 47 6 41
03 0 100 0 0
04 0 0 100 0
05 0 0 100 0
06 100 0 0 0
07 100 0 0 0
08 4 63 4 28
XX
//
AC MA0421.1
XX
NA YDR026C
XX
P0 A C G T 
01 174 0 274 1457
02 0 0 40 1817
03 0 103 0 1784
04 1832 0 0 0
05 0 1832 0 0
06 0 1832 0 0
07 118 1739 0 0
08 0 0 1832 0
09 49 0 1784 0
10 779 841 117 291
XX
//
AC MA0422.1
XX
NA YDR520C
XX
P0 A C G T 
01 25 38 11 27
02 0 100 0 0
03 0 0 100 0
04 0 0 100 0
05 74 9 17 0
06 23 17 46 14
07 56 0 0 43
08 14 0 0 85
09 94 6 0 0
10 36 17 15 32
XX
//
AC MA0423.1
XX
NA YER130C
XX
P0 A C G T 
01 35 28 23 13
02 0 97 1 2
03 0 91 0 9
04 0 100 0 0
05 0 100 0 0
06 0 0 0 100
07 60 0 8 32
08 21 0 4 75
09 32 28 5 34
XX
//
AC MA0424.1
XX
NA YER184C
XX
P0 A C G T 
01 28 37 6 28
02 2 17 10 71
03 0 77 15 8
04 0 100 0 0
05 0 0 100 0
06 0 0 100 0
07 69 31 0 0
08 46 15 23 15
XX
//
AC MA0425.1
XX
NA YGR067C
XX
P0 A C G T 
01 36 24 27 14
02 0 100 0 0
03 0 99 0 1
04 0 100 0 0
05 1 99 0 0
06 41 0 31 28
07 0 98 1 1
08 27 26 17 31
09 23 26 20 31
10 24 26 20 30
11 25 24 25 26
12 25 22 26 27
13 22 26 26 26
14 26 24 26 25
XX
//
AC MA0426.1
XX
NA YHP1
XX
P0 A C G T 
01 0 0 0 203
02 203 0 0 0
03 203 0 0 0
04 0 0 0 203
05 0 0 0 203
06 0 0 203 0
XX
//
AC MA0427.1
XX
NA YJL103C
XX
P0 A C G T 
01 39 21 19 21
02 26 25 27 22
03 15 43 17 25
04 12 30 10 48
05 2 94 2 2
06 0 99 0 0
07 0 7 92 0
08 5 1 93 1
09 57 7 26 9
10 26 17 46 11
11 35 26 18 21
XX
//
AC MA0428.1
XX
NA YKL222C
XX
P0 A C G T 
01 48 23 15 15
02 69 10 19 2
03 0 100 0 0
04 0 0 100 0
05 0 0 100 0
06 92 0 8 0
07 52 2 44 2
08 65 6 6 23
09 10 10 10 69
XX
//
AC MA0429.1
XX
NA YLL054C
XX
P0 A C G T 
01 0 100 0 0
02 0 0 100 0
03 0 0 100 0
04 21 64 14 0
05 9 66 16 9
06 13 5 77 5
07 56 14 7 21
XX
//
AC MA0430.1
XX
NA YLR278C
XX
P0 A C G T 
01 13 42 13 31
02 0 100 0 0
03 0 0 100 0
04 0 0 100 0
05 96 0 4 0
06 4 14 82 0
07 23 2 5 70
08 27 5 5 63
XX
//
AC MA0431.1
XX
NA YML081W
XX
P0 A C G T 
01 32 24 23 21
02 0 100 0 0
03 0 100 0 0
04 0 100 0 0
05 0 100 0 0
06 30 0 36 34
07 0 100 0 0
08 44 16 3 38
09 19 35 15 31
XX
//
AC MA0432.1
XX
NA YNR063W
XX
P0 A C G T 
01 8 8 18 68
02 0 100 0 0
03 0 0 100 0
04 0 0 100 0
05 100 0 0 0
06 10 0 80 10
07 90 0 0 10
08 33 3 3 63
XX
//
AC MA0433.1
XX
NA YOX1
XX
P0 A C G T 
01 1 25 7 66
02 0 0 0 100
03 100 0 0 0
04 100 0 0 0
05 0 0 0 100
06 0 0 0 100
07 62 3 15 21
08 54 13 13 19
XX
//
AC MA0434.1
XX
NA YPR013C
XX
P0 A C G T 
01 11 36 11 41
02 0 0 100 0
03 9 26 0 65
04 63 26 0 11
05 40 0 60 0
06 100 0 0 0
07 0 0 0 100
08 0 100 0 0
09 36 30 17 17
XX
//
AC MA0435.1
XX
NA YPR015C
XX
P0 A C G T 
01 75 242 144 537
02 158 204 341 295
03 382 170 173 274
04 376 240 137 245
05 274 50 462 212
06 552 169 240 37
07 16 747 17 218
08 4 4 988 2
09 2 16 3 978
10 983 7 3 5
11 884 1 109 4
12 986 2 4 6
13 5 2 2 989
14 4 983 1 9
15 326 575 55 43
16 86 221 77 613
17 258 190 196 354
18 450 110 173 266
19 281 396 62 260
20 333 330 68 266
XX
//
AC MA0436.1
XX
NA YPR022C
XX
P0 A C G T 
01 15 66 0 20
02 0 100 0 0
03 0 100 0 0
04 0 100 0 0
05 100 0 0 0
06 0 100 0 0
07 23 26 34 18
XX
//
AC MA0437.1
XX
NA YPR196W
XX
P0 A C G T 
01 61 0 26 13
02 32 0 0 68
03 17 0 0 83
04 24 4 2 69
05 17 44 11 28
06 12 32 7 49
07 0 93 7 0
08 0 100 0 0
09 3 0 93 5
XX
//
AC MA0438.1
XX
NA YRM1
XX
P0 A C G T 
01 51 15 23 11
02 2 94 2 2
03 0 0 100 0
04 0 0 100 0
05 100 0 0 0
06 60 12 16 12
07 93 1 1 5
08 12 8 4 76
XX
//
AC MA0439.1
XX
NA YRR1
XX
P0 A C G T 
01 21 42 22 15
02 16 16 10 57
03 22 8 4 66
04 89 1 2 8
05 19 9 4 68
06 28 33 8 32
07 4 22 7 68
08 0 100 0 0
09 0 100 0 0
10 3 0 95 2
11 6 41 14 39
XX
//
AC MA0440.1
XX
NA ZAP1
XX
P0 A C G T 
01 169 0 0 0
02 0 279 0 0
03 0 279 0 0
04 0 97 0 107
05 0 0 0 169
06 107 77 17 0
07 169 0 0 0
08 119 17 57 0
09 0 0 279 0
10 0 0 279 0
11 0 0 0 169
12 21 97 37 58
13 119 0 57 9
14 9 17 0 145
15 46 0 198 0
XX
//
AC MA0441.1
XX
NA ZMS1
XX
P0 A C G T 
01 15 15 15 55
02 31 11 11 46
03 0 100 0 0
04 0 100 0 0
05 0 100 0 0
06 0 100 0 0
07 19 4 54 24
08 5 85 5 5
09 50 10 10 30
XX
//
