VV  JASPAR MATRIX TABLE, Release 5.0_ALPHA - public - 2014-11-19
XX
//
AC MA0010.1
XX
NA br_Z1
XX
P0 A C G T 
01 3 1 4 1
02 1 1 1 6
03 5 2 1 1
04 7 0 1 1
05 3 0 0 6
06 6 0 0 3
07 4 1 4 0
08 7 0 1 1
09 1 8 0 0
10 9 0 0 0
11 8 0 1 0
12 5 0 3 1
13 4 0 0 5
14 2 3 2 2
XX
//
AC MA0011.1
XX
NA br_Z2
XX
P0 A C G T 
01 3 1 1 7
02 5 2 1 4
03 0 10 0 2
04 0 1 0 11
05 12 0 0 0
06 1 1 2 8
07 2 0 1 9
08 1 2 1 8
XX
//
AC MA0012.1
XX
NA br_Z3
XX
P0 A C G T 
01 3 1 1 7
02 9 2 1 0
03 10 0 0 2
04 12 0 0 0
05 0 10 1 1
06 4 0 0 8
07 10 0 0 2
08 6 0 4 2
09 6 1 2 3
10 4 3 2 3
11 2 3 5 2
XX
//
AC MA0013.1
XX
NA br_Z4
XX
P0 A C G T 
01 1 1 0 4
02 4 0 0 2
03 2 0 4 0
04 1 0 0 5
05 5 0 1 0
06 6 0 0 0
07 5 0 1 0
08 1 3 1 1
09 3 0 1 2
10 5 0 0 1
11 3 1 0 2
XX
//
AC MA0015.1
XX
NA Cf2_II
XX
P0 A C G T 
01 25 13 40 2
02 1 2 1 76
03 74 2 4 0
04 0 9 4 67
05 78 2 0 0
06 1 4 1 74
07 41 2 36 1
08 2 9 1 68
09 53 3 20 4
10 12 29 15 24
XX
//
AC MA0016.1
XX
NA usp
XX
P0 A C G T 
01 0 1 37 0
02 1 0 36 1
03 0 0 38 0
04 0 0 38 0
05 0 0 0 38
06 0 36 1 1
07 35 0 3 0
08 5 25 3 5
09 5 8 22 3
10 6 10 16 6
XX
//
AC MA0022.1
XX
NA dl_1
XX
P0 A C G T 
01 0 5 6 2
02 0 0 12 1
03 0 1 11 1
04 0 0 10 3
05 1 1 3 8
06 1 0 2 10
07 1 0 0 12
08 0 0 0 13
09 0 3 0 10
10 1 9 0 3
11 1 9 1 2
12 3 5 5 0
XX
//
AC MA0023.1
XX
NA dl_2
XX
P0 A C G T 
01 0 1 7 1
02 0 0 7 2
03 0 0 9 0
04 0 0 8 1
05 4 1 0 4
06 2 1 0 6
07 0 0 0 9
08 0 1 0 8
09 0 9 0 0
10 1 8 0 0
XX
//
AC MA0026.1
XX
NA Eip74EF
XX
P0 A C G T 
01 2 12 2 1
02 5 12 0 0
03 0 0 17 0
04 0 0 17 0
05 17 0 0 0
06 17 0 0 0
07 5 1 10 1
XX
//
AC MA0049.1
XX
NA hb
XX
P0 A C G T 
01 1 5 8 2
02 6 8 2 0
03 9 3 4 0
04 4 3 1 8
05 13 1 0 2
06 16 0 0 0
07 16 0 0 0
08 14 0 2 0
09 15 1 0 0
10 9 2 2 3
XX
//
AC MA0085.1
XX
NA Su(H)
XX
P0 A C G T 
01 1 3 3 3
02 0 4 0 6
03 0 0 10 0
04 0 0 0 10
05 0 0 10 0
06 3 0 7 0
07 0 0 10 0
08 10 0 0 0
09 10 0 0 0
10 5 5 0 0
11 1 7 1 1
12 1 2 4 3
13 4 2 2 2
14 3 1 4 2
15 4 3 2 1
16 2 1 2 5
XX
//
AC MA0086.1
XX
NA sna
XX
P0 A C G T 
01 0 39 1 0
02 39 0 0 1
03 3 0 37 0
04 2 0 38 0
05 0 0 0 40
06 0 0 38 2
XX
//
AC MA0126.1
XX
NA ovo
XX
P0 A C G T 
01 10 4 0 7
02 1 4 14 2
03 4 2 2 13
04 20 0 0 1
05 21 0 0 0
06 0 21 0 0
07 7 5 3 6
08 0 0 21 0
09 5 4 2 10
XX
//
AC MA0165.1
XX
NA Abd-B
XX
P0 A C G T 
01 1 0 0 20
02 0 0 0 21
03 5 0 0 16
04 21 0 0 0
05 0 3 0 18
06 3 0 11 7
07 13 0 5 3
XX
//
AC MA0166.1
XX
NA Antp
XX
P0 A C G T 
01 1 1 0 14
02 0 0 0 16
03 16 0 0 0
04 16 0 0 0
05 0 0 0 16
06 0 0 9 7
07 15 0 1 0
XX
//
AC MA0167.1
XX
NA Awh
XX
P0 A C G T 
01 3 16 0 21
02 1 0 0 39
03 33 0 7 0
04 40 0 0 0
05 0 0 1 39
06 0 0 8 32
07 34 0 4 2
XX
//
AC MA0168.1
XX
NA B-H1
XX
P0 A C G T 
01 4 4 0 13
02 0 0 0 21
03 21 0 0 0
04 21 0 0 0
05 8 0 0 13
06 1 7 0 13
07 1 0 20 0
XX
//
AC MA0169.1
XX
NA B-H2
XX
P0 A C G T 
01 6 2 1 12
02 0 0 0 21
03 21 0 0 0
04 21 0 0 0
05 5 0 0 16
06 3 1 2 15
07 0 0 21 0
XX
//
AC MA0170.1
XX
NA C15
XX
P0 A C G T 
01 1 1 0 17
02 0 0 0 19
03 17 0 0 2
04 19 0 0 0
05 6 2 0 11
06 0 3 6 10
07 10 0 9 0
XX
//
AC MA0171.1
XX
NA CG11085
XX
P0 A C G T 
01 0 3 0 10
02 0 0 0 13
03 13 0 0 0
04 13 0 0 0
05 1 0 0 12
06 2 1 2 8
07 1 0 12 0
XX
//
AC MA0172.1
XX
NA CG11294
XX
P0 A C G T 
01 0 3 0 12
02 0 2 0 13
03 15 0 0 0
04 15 0 0 0
05 0 0 0 15
06 0 0 0 15
07 15 0 0 0
XX
//
AC MA0173.1
XX
NA CG11617
XX
P0 A C G T 
01 1 0 0 16
02 0 0 0 17
03 10 0 3 4
04 17 0 0 0
05 0 17 0 0
06 17 0 0 0
07 0 0 0 1
XX
//
AC MA0174.1
XX
NA CG42234
XX
P0 A C G T 
01 2 0 0 14
02 2 0 0 14
03 6 0 2 8
04 16 0 0 0
05 0 0 0 16
06 0 2 6 8
07 13 0 3 0
XX
//
AC MA0175.1
XX
NA CG13424
XX
P0 A C G T 
01 2 7 1 11
02 0 0 0 21
03 21 0 0 0
04 21 0 0 0
05 0 0 0 21
06 3 0 4 14
07 8 0 13 0
XX
//
AC MA0176.1
XX
NA CG15696
XX
P0 A C G T 
01 2 3 3 24
02 2 3 0 27
03 21 0 6 5
04 32 0 0 0
05 0 0 0 32
06 0 0 2 30
07 16 0 16 0
XX
//
AC MA0177.1
XX
NA CG18599
XX
P0 A C G T 
01 4 10 1 10
02 0 0 0 25
03 25 0 0 0
04 25 0 0 0
05 0 0 0 25
06 0 1 8 16
07 23 0 2 0
XX
//
AC MA0178.1
XX
NA CG32105
XX
P0 A C G T 
01 2 4 0 13
02 2 0 0 17
03 17 0 0 2
04 19 0 0 0
05 0 0 1 18
06 0 0 1 18
07 15 0 4 0
XX
//
AC MA0179.1
XX
NA CG32532
XX
P0 A C G T 
01 2 6 2 13
02 0 0 0 23
03 23 0 0 0
04 23 0 0 0
05 0 0 0 23
06 0 0 2 21
07 12 0 10 1
XX
//
AC MA0180.1
XX
NA Vsx2
XX
P0 A C G T 
01 1 1 5 6
02 2 2 0 9
03 0 0 0 13
04 13 0 0 0
05 13 0 0 0
06 0 0 0 13
07 0 0 0 13
08 10 0 3 0
09 1 2 10 0
XX
//
AC MA0181.1
XX
NA Vsx1
XX
P0 A C G T 
01 1 8 1 12
02 0 0 0 22
03 22 0 0 0
04 22 0 0 0
05 0 0 0 22
06 2 0 3 17
07 15 0 6 1
XX
//
AC MA0182.1
XX
NA CG4328
XX
P0 A C G T 
01 12 2 3 13
02 7 1 0 22
03 13 0 0 17
04 30 0 0 0
05 0 0 0 30
06 0 0 6 24
07 15 0 15 0
XX
//
AC MA0183.1
XX
NA CG7056
XX
P0 A C G T 
01 7 3 2 14
02 0 7 0 19
03 0 6 7 13
04 21 0 2 3
05 26 0 0 0
06 0 3 3 20
07 7 0 1 18
08 22 0 4 0
XX
//
AC MA0184.1
XX
NA CG9876
XX
P0 A C G T 
01 2 9 3 6
02 0 0 0 20
03 18 0 0 2
04 20 0 0 0
05 0 0 0 20
06 0 0 1 19
07 14 0 6 0
XX
//
AC MA0185.1
XX
NA Deaf1
XX
P0 A C G T 
01 0 3 0 7
02 0 0 0 10
03 0 10 0 0
04 0 0 10 0
05 0 0 5 5
06 1 3 4 2
XX
//
AC MA0186.1
XX
NA Dfd
XX
P0 A C G T 
01 1 4 3 16
02 0 0 0 24
03 24 0 0 0
04 24 0 0 0
05 0 0 0 24
06 1 0 19 4
07 21 0 3 0
XX
//
AC MA0187.1
XX
NA Dll
XX
P0 A C G T 
01 1 0 0 22
02 22 0 1 0
03 23 0 0 0
04 0 0 0 23
05 3 0 3 17
06 10 0 9 4
07 1 12 4 6
XX
//
AC MA0188.1
XX
NA Dr
XX
P0 A C G T 
01 1 13 6 1
02 0 16 0 5
03 21 0 0 0
04 21 0 0 0
05 0 0 0 21
06 0 0 0 21
07 21 0 0 0
XX
//
AC MA0189.1
XX
NA E5
XX
P0 A C G T 
01 5 15 6 17
02 3 0 0 40
03 43 0 0 0
04 42 0 0 1
05 1 0 1 41
06 5 0 16 22
07 34 0 9 0
XX
//
AC MA0190.1
XX
NA Gsc
XX
P0 A C G T 
01 0 0 0 22
02 22 0 0 0
03 22 0 0 0
04 0 0 0 22
05 0 22 0 0
06 0 14 2 6
XX
//
AC MA0191.1
XX
NA HGTX
XX
P0 A C G T 
01 4 2 3 11
02 0 0 0 20
03 20 0 0 0
04 20 0 0 0
05 0 0 0 20
06 1 0 6 13
07 15 0 5 0
XX
//
AC MA0192.1
XX
NA Hmx
XX
P0 A C G T 
01 1 3 0 16
02 0 0 0 20
03 20 0 0 0
04 20 0 0 0
05 1 0 0 19
06 0 3 0 17
07 4 0 16 0
XX
//
AC MA0193.1
XX
NA Lag1
XX
P0 A C G T 
01 0 19 0 0
02 0 9 0 10
03 17 2 0 0
04 1 18 0 0
05 0 12 0 7
06 18 0 1 0
07 12 0 4 3
XX
//
AC MA0194.1
XX
NA Lim1
XX
P0 A C G T 
01 0 2 0 16
02 0 0 0 18
03 18 0 0 0
04 18 0 0 0
05 0 0 0 18
06 0 0 0 18
07 17 0 1 0
XX
//
AC MA0195.1
XX
NA Lim3
XX
P0 A C G T 
01 3 7 2 8
02 4 0 0 16
03 16 0 3 1
04 20 0 0 0
05 0 0 0 20
06 0 2 4 14
07 16 0 4 0
XX
//
AC MA0196.1
XX
NA NK7.1
XX
P0 A C G T 
01 5 5 1 24
02 0 0 0 35
03 33 0 2 0
04 35 0 0 0
05 4 0 5 26
06 6 0 7 22
07 13 0 22 0
XX
//
AC MA0197.1
XX
NA Oct
XX
P0 A C G T 
01 2 4 7 9
02 8 3 0 11
03 1 0 0 21
04 22 0 0 0
05 22 0 0 0
06 0 0 0 22
07 2 3 6 11
08 15 1 1 5
XX
//
AC MA0198.1
XX
NA OdsH
XX
P0 A C G T 
01 0 11 4 7
02 0 0 0 22
03 22 0 0 0
04 22 0 0 0
05 0 0 0 22
06 0 0 0 22
07 13 0 8 1
XX
//
AC MA0199.1
XX
NA Optix
XX
P0 A C G T 
01 0 5 0 22
02 0 0 27 0
03 27 0 0 0
04 0 0 0 27
05 26 0 1 0
XX
//
AC MA0200.1
XX
NA Pph13
XX
P0 A C G T 
01 6 8 3 4
02 0 0 0 21
03 21 0 0 0
04 21 0 0 0
05 0 0 0 21
06 0 1 0 20
07 13 1 6 1
XX
//
AC MA0201.1
XX
NA Ptx1
XX
P0 A C G T 
01 0 5 1 14
02 0 0 0 20
03 20 0 0 0
04 20 0 0 0
05 0 0 0 20
06 0 20 0 0
07 0 19 0 1
XX
//
AC MA0202.1
XX
NA Rx
XX
P0 A C G T 
01 3 13 0 11
02 0 0 0 27
03 27 0 0 0
04 27 0 0 0
05 0 0 0 27
06 0 0 0 27
07 17 0 10 0
XX
//
AC MA0203.1
XX
NA Scr
XX
P0 A C G T 
01 3 7 0 15
02 0 0 0 25
03 25 0 0 0
04 25 0 0 0
05 0 0 0 25
06 0 0 18 7
07 23 0 2 0
XX
//
AC MA0204.1
XX
NA Six4
XX
P0 A C G T 
01 0 0 0 20
02 0 0 20 0
03 20 0 0 0
04 0 7 4 9
05 20 0 0 0
06 1 19 0 0
XX
//
AC MA0205.1
XX
NA Trl
XX
P0 A C G T 
01 4 22 9 36
02 6 23 11 31
03 12 6 30 23
04 0 64 3 4
05 3 0 14 54
06 1 70 0 0
07 13 0 2 56
08 5 54 7 5
09 7 13 11 40
10 9 33 10 19
XX
//
AC MA0206.1
XX
NA abd-A
XX
P0 A C G T 
01 1 3 0 14
02 0 0 0 18
03 16 0 0 2
04 18 0 0 0
05 1 0 0 17
06 0 0 6 12
07 15 1 2 0
XX
//
AC MA0207.1
XX
NA achi
XX
P0 A C G T 
01 0 0 0 23
02 0 0 23 0
03 23 0 0 0
04 0 22 0 1
05 23 0 0 0
06 3 0 12 2
XX
//
AC MA0208.1
XX
NA al
XX
P0 A C G T 
01 0 0 0 20
02 20 0 0 0
03 20 0 0 0
04 0 0 0 20
05 0 0 0 20
06 17 0 3 0
07 18 0 2 0
XX
//
AC MA0209.1
XX
NA ap
XX
P0 A C G T 
01 2 10 0 7
02 1 0 0 18
03 19 0 0 0
04 19 0 0 0
05 0 0 0 19
06 0 0 6 13
07 16 0 3 0
XX
//
AC MA0210.1
XX
NA ara
XX
P0 A C G T 
01 14 0 5 15
02 23 0 0 11
03 34 0 0 0
04 0 34 0 0
05 34 0 0 0
XX
//
AC MA0211.1
XX
NA bap
XX
P0 A C G T 
01 0 0 1 22
02 0 0 0 23
03 23 0 0 0
04 23 0 0 0
05 0 0 23 0
06 1 0 0 22
07 7 0 16 0
XX
//
AC MA0212.1
XX
NA bcd
XX
P0 A C G T 
01 0 0 0 22
02 20 0 0 2
03 22 0 0 0
04 0 0 1 21
05 0 22 0 0
06 0 21 0 1
XX
//
AC MA0213.1
XX
NA brk
XX
P0 A C G T 
01 1 5 4 0
02 0 4 0 6
03 0 0 10 0
04 0 0 10 0
05 0 10 0 0
06 1 0 9 0
07 1 8 0 1
08 0 5 1 4
XX
//
AC MA0214.1
XX
NA bsh
XX
P0 A C G T 
01 1 3 2 10
02 0 0 0 16
03 16 0 0 0
04 16 0 0 0
05 0 1 0 15
06 0 3 6 7
07 7 0 9 0
XX
//
AC MA0215.1
XX
NA btn
XX
P0 A C G T 
01 5 1 4 13
02 0 0 0 23
03 22 0 1 0
04 23 0 0 0
05 0 1 0 22
06 0 0 15 8
07 19 0 3 1
XX
//
AC MA0217.1
XX
NA caup
XX
P0 A C G T 
01 4 1 2 12
02 14 0 2 3
03 19 0 0 0
04 0 19 0 0
05 19 0 0 0
XX
//
AC MA0218.1
XX
NA ct
XX
P0 A C G T 
01 0 6 0 14
02 1 2 0 17
03 9 0 11 0
04 20 0 0 0
05 17 0 1 2
06 0 19 1 0
XX
//
AC MA0219.1
XX
NA ems
XX
P0 A C G T 
01 3 7 1 9
02 3 0 0 17
03 19 0 0 1
04 19 0 1 0
05 0 0 0 20
06 0 1 10 9
07 14 0 6 0
XX
//
AC MA0220.1
XX
NA en
XX
P0 A C G T 
01 2 8 2 11
02 0 0 0 23
03 23 0 0 0
04 23 0 0 0
05 0 0 0 23
06 0 0 2 21
07 13 0 10 0
XX
//
AC MA0221.1
XX
NA eve
XX
P0 A C G T 
01 3 10 0 9
02 1 0 0 21
03 22 0 0 0
04 22 0 0 0
05 0 2 1 19
06 0 2 11 9
07 17 0 4 1
XX
//
AC MA0222.1
XX
NA exd
XX
P0 A C G T 
01 4 4 4 5
02 1 0 2 14
03 0 0 0 17
04 0 0 0 17
05 0 0 17 0
06 17 0 0 0
07 0 12 0 5
08 11 0 6 0
XX
//
AC MA0224.1
XX
NA exex
XX
P0 A C G T 
01 0 7 10 6
02 0 0 0 23
03 23 0 0 0
04 23 0 0 0
05 0 0 0 23
06 1 1 0 21
07 20 0 3 0
XX
//
AC MA0225.1
XX
NA ftz
XX
P0 A C G T 
01 1 2 0 15
02 1 0 0 17
03 18 0 0 0
04 18 0 0 0
05 0 0 0 18
06 0 0 9 9
07 14 0 4 0
XX
//
AC MA0226.1
XX
NA hbn
XX
P0 A C G T 
01 2 2 2 11
02 0 0 0 17
03 17 0 0 0
04 17 0 0 0
05 0 0 0 17
06 0 0 0 17
07 9 0 7 1
XX
//
AC MA0227.1
XX
NA hth
XX
P0 A C G T 
01 0 0 0 17
02 0 0 17 0
03 17 0 0 0
04 0 17 0 0
05 14 0 3 0
06 0 0 8 4
XX
//
AC MA0228.1
XX
NA ind
XX
P0 A C G T 
01 0 12 0 9
02 0 0 0 21
03 21 0 0 0
04 21 0 0 0
05 0 0 1 20
06 0 0 8 13
07 19 0 2 0
XX
//
AC MA0229.1
XX
NA inv
XX
P0 A C G T 
01 4 0 3 9
02 1 9 0 6
03 0 0 0 16
04 16 0 0 0
05 16 0 0 0
06 0 0 0 16
07 0 0 0 16
08 11 0 5 0
XX
//
AC MA0230.1
XX
NA lab
XX
P0 A C G T 
01 1 3 0 12
02 0 0 0 16
03 16 0 0 0
04 16 0 0 0
05 1 0 0 15
06 0 0 6 10
07 16 0 0 0
XX
//
AC MA0231.1
XX
NA lbe
XX
P0 A C G T 
01 0 0 0 22
02 22 0 0 0
03 22 0 0 0
04 1 10 2 9
05 4 5 3 10
06 19 0 3 0
XX
//
AC MA0232.1
XX
NA lbl
XX
P0 A C G T 
01 0 0 0 23
02 23 0 0 0
03 23 0 0 0
04 0 5 0 18
05 1 3 7 12
06 17 0 6 0
XX
//
AC MA0233.1
XX
NA mirr
XX
P0 A C G T 
01 20 1 1 19
02 29 0 2 10
03 41 0 0 0
04 0 41 0 0
05 41 0 0 0
XX
//
AC MA0234.1
XX
NA oc
XX
P0 A C G T 
01 0 0 0 19
02 19 0 0 0
03 19 0 0 0
04 0 0 2 17
05 0 19 0 0
06 0 17 1 1
XX
//
AC MA0235.1
XX
NA onecut
XX
P0 A C G T 
01 1 2 0 12
02 0 0 0 15
03 0 0 15 0
04 15 0 0 0
05 0 0 0 15
06 0 0 0 15
07 5 0 4 6
XX
//
AC MA0236.1
XX
NA otp
XX
P0 A C G T 
01 1 6 2 11
02 0 1 0 19
03 20 0 0 0
04 20 0 0 0
05 0 0 0 20
06 0 1 4 15
07 15 0 3 2
XX
//
AC MA0238.1
XX
NA pb
XX
P0 A C G T 
01 4 9 0 11
02 0 0 0 24
03 24 0 0 0
04 24 0 0 0
05 0 0 0 24
06 0 0 11 13
07 24 0 0 0
XX
//
AC MA0239.1
XX
NA prd
XX
P0 A C G T 
01 10 4 0 7
02 1 4 14 2
03 4 2 2 13
04 20 0 0 1
05 21 0 0 0
06 0 21 0 0
07 7 5 3 6
08 0 0 21 0
09 5 4 2 10
XX
//
AC MA0240.1
XX
NA repo
XX
P0 A C G T 
01 1 4 4 19
02 1 0 0 27
03 27 0 0 1
04 28 0 0 0
05 0 0 0 28
06 0 0 0 28
07 21 0 7 0
XX
//
AC MA0241.1
XX
NA ro
XX
P0 A C G T 
01 1 12 3 7
02 0 0 0 23
03 23 0 0 0
04 23 0 0 0
05 0 0 0 23
06 0 0 3 20
07 19 0 4 0
XX
//
AC MA0242.1
XX
NA run::Bgb
XX
P0 A C G T 
01 12 2 0 15
02 27 0 1 1
03 28 0 1 0
04 0 29 0 0
05 0 28 1 0
06 5 1 23 0
07 0 29 0 0
08 28 0 0 1
09 20 0 9 0
XX
//
AC MA0243.1
XX
NA sd
XX
P0 A C G T 
01 3 0 8 3
02 8 1 1 4
03 4 8 1 1
04 14 0 0 0
05 1 1 0 12
06 3 0 1 10
07 0 8 0 6
08 3 5 3 3
09 4 1 2 7
10 5 6 3 0
11 5 1 7 1
12 4 3 4 3
XX
//
AC MA0244.1
XX
NA slbo
XX
P0 A C G T 
01 9 1 1 1
02 0 1 0 11
03 0 0 3 9
04 3 2 7 0
05 2 10 0 0
06 7 2 2 1
07 6 5 1 0
08 11 1 0 0
XX
//
AC MA0245.1
XX
NA slou
XX
P0 A C G T 
01 3 5 1 13
02 0 1 0 21
03 22 0 0 0
04 21 0 1 0
05 0 0 0 22
06 2 1 5 14
07 11 0 11 0
XX
//
AC MA0246.1
XX
NA so
XX
P0 A C G T 
01 0 0 1 26
02 0 0 27 0
03 27 0 0 0
04 0 0 1 26
05 27 0 0 0
06 0 10 0 3
XX
//
AC MA0248.1
XX
NA tup
XX
P0 A C G T 
01 4 2 1 9
02 1 0 0 15
03 16 0 0 0
04 16 0 0 0
05 0 0 2 14
06 1 0 7 8
07 2 0 13 1
XX
//
AC MA0249.1
XX
NA twi
XX
P0 A C G T 
01 1 4 3 7
02 3 7 3 2
03 1 3 10 1
04 0 14 1 0
05 11 3 1 0
06 0 4 1 10
07 7 1 5 2
08 0 0 0 15
09 0 0 12 3
10 1 0 2 12
11 1 2 2 10
12 2 3 8 2
XX
//
AC MA0250.1
XX
NA unc-4
XX
P0 A C G T 
01 1 5 2 13
02 0 0 0 21
03 21 0 0 0
04 21 0 0 0
05 0 0 0 21
06 1 0 0 20
07 6 1 14 0
XX
//
AC MA0251.1
XX
NA unpg
XX
P0 A C G T 
01 1 6 4 10
02 1 0 0 20
03 21 0 0 0
04 21 0 0 0
05 0 0 0 21
06 0 0 2 19
07 14 0 7 0
XX
//
AC MA0252.1
XX
NA vis
XX
P0 A C G T 
01 0 0 0 22
02 0 0 22 0
03 22 0 0 0
04 0 22 0 0
05 22 0 0 0
06 2 4 8 2
XX
//
AC MA0253.1
XX
NA vnd
XX
P0 A C G T 
01 4 0 2 13
02 1 8 1 9
03 0 0 0 19
04 0 15 2 2
05 19 0 0 0
06 19 0 0 0
07 0 0 19 0
08 2 0 0 17
09 9 0 10 0
XX
//
AC MA0254.1
XX
NA vvl
XX
P0 A C G T 
01 0 2 0 9
02 11 0 0 0
03 2 2 0 7
04 0 0 6 5
05 3 8 0 0
06 11 0 0 0
XX
//
AC MA0255.1
XX
NA z
XX
P0 A C G T 
01 11 3 5 22
02 1 7 3 30
03 1 0 40 0
04 41 0 0 0
05 1 0 40 0
06 8 10 0 23
07 2 6 29 4
08 18 7 11 5
09 10 5 12 14
10 14 6 2 19
XX
//
AC MA0256.1
XX
NA zen
XX
P0 A C G T 
01 2 9 0 5
02 0 0 0 16
03 16 0 0 0
04 16 0 0 0
05 0 0 0 16
06 0 0 11 5
07 16 0 0 0
XX
//
AC MA0257.1
XX
NA zen2
XX
P0 A C G T 
01 3 7 5 11
02 1 0 0 25
03 26 0 0 0
04 26 0 0 0
05 0 1 0 25
06 0 0 10 16
07 22 0 4 0
XX
//
AC MA0094.2
XX
NA Ubx
XX
P0 A C G T 
01 3 5 3 9
02 0 0 0 20
03 0 0 0 20
04 17 0 0 3
05 20 0 0 0
06 0 0 0 20
07 0 0 6 14
08 14 0 6 0
XX
//
AC MA0443.1
XX
NA btd
XX
P0 A C G T 
01 14 3 7 6
02 10 0 20 0
03 4 0 18 8
04 2 0 28 0
05 0 0 30 0
06 0 0 30 0
07 2 28 0 0
08 0 0 30 0
09 0 0 20 10
10 15 1 10 4
XX
//
AC MA0444.1
XX
NA CG34031
XX
P0 A C G T 
01 0 1 1 23
02 0 0 0 25
03 22 0 0 3
04 25 0 0 0
05 2 0 0 23
06 7 0 1 17
07 3 0 22 0
XX
//
AC MA0445.1
XX
NA D
XX
P0 A C G T 
01 1 8 7 13
02 0 25 0 4
03 0 17 0 12
04 20 0 0 9
05 0 0 0 29
06 0 0 3 26
07 2 0 27 0
08 0 0 0 29
09 1 2 4 22
10 4 10 6 9
11 6 1 1 21
XX
//
AC MA0446.1
XX
NA fkh
XX
P0 A C G T 
01 3 0 0 24
02 5 0 22 0
03 0 0 0 27
04 0 0 0 27
05 0 0 1 26
06 13 0 14 0
07 4 13 2 8
08 6 7 3 11
09 0 11 2 14
10 23 0 1 3
11 15 4 4 4
XX
//
AC MA0447.1
XX
NA gt
XX
P0 A C G T 
01 28 5 25 2
02 0 0 0 60
03 1 1 3 55
04 54 0 6 0
05 0 53 0 7
06 7 0 53 0
07 0 6 0 54
08 55 3 1 1
09 60 0 0 0
10 2 25 5 28
XX
//
AC MA0448.1
XX
NA H2.0
XX
P0 A C G T 
01 6 3 4 19
02 2 1 0 29
03 16 1 1 14
04 31 0 0 1
05 0 0 0 32
06 8 0 9 15
07 24 0 7 1
XX
//
AC MA0449.1
XX
NA h
XX
P0 A C G T 
01 1 2 30 1
02 3 7 17 7
03 1 31 1 1
04 22 1 10 1
05 1 30 1 2
06 2 1 30 1
07 1 10 1 22
08 1 1 31 1
09 7 17 7 3
10 1 30 2 1
XX
//
AC MA0450.1
XX
NA hkb
XX
P0 A C G T 
01 3 0 18 11
02 8 0 24 0
03 0 0 32 0
04 0 0 32 0
05 0 32 0 0
06 0 0 32 0
07 0 0 3 29
08 0 0 31 1
09 24 3 2 3
XX
//
AC MA0451.1
XX
NA kni
XX
P0 A C G T 
01 19 1 2 4
02 25 1 0 0
03 16 0 0 10
04 5 9 6 6
05 0 4 1 21
06 21 0 5 0
07 0 0 26 0
08 17 0 8 1
09 1 3 18 4
10 0 26 0 0
11 25 0 1 0
12 5 12 7 2
XX
//
AC MA0453.1
XX
NA nub
XX
P0 A C G T 
01 2 1 1 25
02 29 0 0 0
03 0 0 0 29
04 0 0 25 4
05 0 19 1 9
06 24 0 0 5
07 28 0 1 0
08 28 0 0 1
09 4 1 0 24
10 6 5 8 10
11 19 5 1 4
12 4 3 15 7
XX
//
AC MA0454.1
XX
NA odd
XX
P0 A C G T 
01 7 5 0 3
02 10 5 0 0
03 0 14 1 0
04 12 0 3 0
05 0 0 15 0
06 0 0 0 15
07 15 0 0 0
08 0 0 15 0
09 0 15 0 0
10 11 3 1 0
11 5 4 6 0
XX
//
AC MA0456.1
XX
NA opa
XX
P0 A C G T 
01 0 1 15 2
02 10 7 1 0
03 1 16 0 1
04 1 15 1 1
05 0 16 1 1
06 0 18 0 0
07 0 18 0 0
08 0 14 0 4
09 4 0 13 1
10 0 14 2 2
11 3 1 4 10
12 2 0 16 0
XX
//
AC MA0457.1
XX
NA PHDP
XX
P0 A C G T 
01 4 6 0 7
02 0 0 0 17
03 16 0 0 1
04 17 0 0 0
05 0 0 0 17
06 1 0 1 15
07 8 1 4 4
XX
//
AC MA0458.1
XX
NA slp1
XX
P0 A C G T 
01 8 3 14 16
02 0 0 0 41
03 3 0 38 0
04 0 0 0 41
05 0 0 1 40
06 0 0 2 39
07 27 0 4 10
08 1 22 7 11
09 17 8 15 1
10 4 13 3 21
11 15 3 4 19
XX
//
AC MA0459.1
XX
NA tll
XX
P0 A C G T 
01 20 4 4 5
02 29 0 4 0
03 33 0 0 0
04 31 1 1 0
05 0 0 33 0
06 0 2 0 31
07 0 33 0 0
08 33 0 0 0
09 31 0 1 1
10 17 10 2 4
XX
//
AC MA0460.1
XX
NA ttk
XX
P0 A C G T 
01 10 8 3 1
02 22 0 0 0
03 0 0 22 0
04 0 0 22 0
05 22 0 0 0
06 0 5 0 17
07 21 0 0 1
08 22 0 0 0
09 1 5 3 13
XX
//
AC MA0529.1
XX
NA BEAF-32
XX
P0 A C G T 
01 746 872 1132 1235
02 959 1437 847 742
03 1256 847 1309 573
04 1871 1358 756 0
05 1982 344 671 988
06 2196 324 1013 452
07 1547 1841 597 0
08 745 635 0 2605
09 3908 0 77 0
10 0 0 0 3985
11 0 3985 0 0
12 77 0 3908 0
13 3613 0 372 0
14 428 170 0 3387
15 2162 0 788 1035
XX
//
AC MA0216.2
XX
NA CAD
XX
P0 A C G T 
01 854 0 1143 306
02 575 341 1387 0
03 0 1481 0 822
04 745 1475 0 83
05 2117 0 186 0
06 0 95 0 2208
07 2236 0 0 67
08 2303 0 0 0
09 2303 0 0 0
10 1637 115 147 404
11 1046 755 0 502
XX
//
AC MA0530.1
XX
NA CNC::maf-S
XX
P0 A C G T 
01 142 113 159 60
02 340 20 114 0
03 0 0 0 474
04 0 0 474 0
05 407 46 21 0
06 0 292 80 102
07 80 0 169 225
08 78 215 90 91
09 136 33 163 142
10 24 0 422 28
11 0 474 0 0
12 368 0 106 0
13 133 128 99 114
14 221 63 0 190
15 214 12 0 248
XX
//
AC MA0531.1
XX
NA CTCF
XX
P0 A C G T 
01 306 876 403 317
02 313 1147 219 223
03 457 383 826 236
04 676 784 350 92
05 257 714 87 844
06 1534 1 192 175
07 202 0 1700 0
08 987 0 912 3
09 2 4 311 1585
10 0 0 1902 0
11 2 0 1652 248
12 124 1645 3 130
13 1 0 1807 94
14 79 1514 8 301
15 231 773 144 754
XX
//
AC MA0452.2
XX
NA KR
XX
P0 A C G T 
01 179 422 238 457
02 205 189 218 684
03 151 386 73 686
04 1248 0 0 48
05 1080 216 0 0
06 11 1170 0 115
07 0 1177 0 119
08 0 1296 0 0
09 0 202 0 1094
10 0 0 0 1296
11 0 113 0 1183
12 113 399 231 553
13 318 322 285 371
14 211 434 219 432
XX
//
AC MA0532.1
XX
NA STAT92E
XX
P0 A C G T 
01 15 50 24 29
02 24 22 59 13
03 27 35 41 15
04 91 1 17 9
05 47 0 27 44
06 0 1 1 116
07 0 6 0 112
08 0 106 0 12
09 0 67 14 37
10 38 21 30 29
11 41 2 70 5
12 0 1 117 0
13 113 0 2 3
14 118 0 0 0
15 63 9 10 36
XX
//
AC MA0533.1
XX
NA SU(HW)
XX
P0 A C G T 
01 336 1133 2808 460
02 243 4116 35 343
03 778 3001 231 727
04 855 1480 977 1425
05 2767 586 925 459
06 3438 208 529 562
07 4217 93 295 132
08 3904 19 316 498
09 410 235 3759 333
10 17 441 96 4183
11 4276 21 95 345
12 7 11 1140 3579
13 199 5 4526 7
14 116 4594 6 21
15 2821 411 8 1497
16 3392 296 713 336
17 523 2430 191 1593
18 2535 354 1409 439
19 1815 1284 770 868
20 2231 447 345 1714
21 1996 379 351 2011
XX
//
AC MA0534.1
XX
NA EcR::usp
XX
P0 A C G T 
01 29 36 39 0
02 60 12 32 0
03 19 10 75 0
04 5 3 35 61
05 9 0 0 95
06 12 66 0 26
07 74 0 30 0
08 34 11 5 54
09 0 0 0 104
10 0 0 104 0
11 66 33 0 5
12 49 55 0 0
13 21 57 0 26
14 0 34 0 70
15 24 28 0 52
XX
//
AC MA0237.2
XX
NA pan
XX
P0 A C G T 
01 0 0 34 37
02 0 71 0 0
03 0 0 71 0
04 0 20 40 11
05 7 43 3 18
06 11 10 19 31
07 7 40 0 24
08 0 30 15 26
09 0 0 0 71
10 0 0 0 71
11 0 0 11 60
12 11 9 41 10
13 34 0 21 16
14 22 0 0 49
XX
//
AC MA0535.1
XX
NA Mad
XX
P0 A C G T 
01 0 48 47 7
02 35 26 13 28
03 0 14 88 0
04 35 0 56 11
05 0 102 0 0
06 0 0 102 0
07 23 65 0 14
08 0 71 31 0
09 29 0 73 0
10 29 39 34 0
11 11 53 25 13
12 29 0 73 0
13 12 48 27 15
14 32 34 16 20
15 11 28 63 0
XX
//
AC MA0536.1
XX
NA pnr
XX
P0 A C G T 
01 82 180 5 602
02 802 0 0 67
03 0 32 1 836
04 0 869 0 0
05 0 0 869 0
06 869 0 0 0
07 0 0 0 869
08 580 0 87 202
09 123 0 530 216
10 58 278 194 339
11 91 273 110 395
XX
//
AC MA0247.2
XX
NA tin
XX
P0 A C G T 
01 136 54 80 245
02 0 188 137 190
03 0 51 0 464
04 0 425 34 56
05 326 0 189 0
06 515 0 0 0
07 0 0 515 0
08 0 0 0 515
09 0 0 515 0
10 13 157 301 44
XX
//
